# Trouble in Terrorist Town weapon/ammo placement overrides
# For map: ttt_lumbridge_a4
# Exported by: Bestari
setting:	replacespawns 0
weapon_ttt_smokegrenade	170.028000 597.927002 388.734009	0.000 300.500 90.000
weapon_ttt_smokegrenade	181.072006 609.132996 388.734009	0.000 57.500 90.000
weapon_ttt_smokegrenade	180.966003 622.583984 388.734009	0.000 156.500 90.000
weapon_ttt_smokegrenade	167.886993 622.765015 388.734009	0.000 29.500 90.000
weapon_ttt_smokegrenade	-416.580994 -5.607520 90.919403	0.000 295.000 90.000
weapon_ttt_smokegrenade	-416.332001 19.321600 90.919403	0.000 24.000 90.000
weapon_ttt_smokegrenade	-403.330994 17.888000 90.919403	0.000 151.000 90.000
weapon_ttt_smokegrenade	-404.514008 4.488600 90.919403	0.000 52.000 90.000
weapon_ttt_smokegrenade	-478.750000 20.929100 90.919403	0.000 115.000 90.000
weapon_ttt_smokegrenade	-478.998993 -4.000000 90.919403	0.000 204.000 90.000
weapon_ttt_smokegrenade	-492.000000 -2.566420 90.919403	0.000 331.000 90.000
weapon_ttt_smokegrenade	-490.816010 10.833000 90.919403	0.000 232.000 90.000
weapon_ttt_smokegrenade	-301.436005 890.744019 169.031998	0.000 70.000 90.000
weapon_ttt_smokegrenade	-317.108002 892.137024 169.031998	0.000 187.000 90.000
weapon_ttt_smokegrenade	261.393005 715.671021 -38.530102	0.000 97.000 90.000
weapon_ttt_smokegrenade	260.000000 700.000000 -38.530102	0.000 340.000 90.000
weapon_ttt_smokegrenade	264.000000 896.000000 116.735001	0.000 187.000 90.000
weapon_ttt_smokegrenade	279.670990 894.606995 116.735001	0.000 70.000 90.000
weapon_ttt_smokegrenade	-771.466980 -1195.589966 129.235001	0.000 187.000 90.000
weapon_ttt_smokegrenade	-755.794983 -1196.979980 129.235001	0.000 70.000 90.000
weapon_ttt_smokegrenade	-707.671997 -454.606995 104.000000	0.000 187.000 90.000
weapon_ttt_smokegrenade	-692.000000 -456.000000 104.000000	0.000 70.000 90.000
weapon_ttt_smokegrenade	381.914001 397.648010 20.734600	0.000 277.000 90.000
weapon_ttt_smokegrenade	383.307007 413.320007 20.734600	0.000 160.000 90.000
weapon_ttt_smokegrenade	-204.000000 553.393005 -24.000000	0.000 187.000 90.000
weapon_ttt_smokegrenade	-188.328003 552.000000 -24.000000	0.000 70.000 90.000
weapon_ttt_smokegrenade	1578.150024 615.146973 244.735001	0.000 198.000 90.000
weapon_ttt_smokegrenade	1593.800049 616.770020 244.735001	0.000 81.000 90.000
ttt_random_weapon	17.947697 242.661484 -78.775810	1.602 4.919 -93.222
ttt_random_weapon	267.741089 650.695740 3.900524	-1.296 -87.041 83.801
ttt_random_weapon	68.235344 609.103516 -78.286774	-2.468 -22.610 86.285
ttt_random_weapon	214.584412 188.920212 -42.588333	2.201 1.764 -92.270
ttt_random_weapon	199.017334 405.993286 -44.800842	1.885 4.781 -92.575
ttt_random_weapon	198.263626 646.118225 158.146637	1.574 -5.614 -93.389
ttt_random_weapon	-102.130104 548.549500 149.942505	1.786 6.677 -93.355
ttt_random_weapon	-357.292480 471.910858 385.209900	1.764 4.928 -92.852
ttt_random_weapon	-597.759827 873.813843 395.699005	-2.243 -6.835 84.976
ttt_random_weapon	607.309082 891.883545 395.217499	1.678 4.699 -93.049
ttt_random_weapon	359.475372 463.457703 385.213745	1.720 4.926 -92.952
ttt_random_weapon	110.812675 756.584045 385.201599	1.857 4.928 -92.638
ttt_random_weapon	-532.972717 532.975464 284.728668	7.659 4.430 -4.275
ttt_random_weapon	534.911438 704.884521 285.244965	1.229 3.535 -94.604
ttt_random_weapon	14.181217 261.593231 249.214249	1.715 4.926 -92.965
ttt_random_weapon	164.591400 -296.379120 289.200684	1.868 4.702 -92.614
ttt_random_weapon	-131.517319 -291.962219 289.200745	1.867 4.920 -92.616
ttt_random_weapon	-157.123688 -325.472412 65.231606	1.518 6.606 -93.414
ttt_random_weapon	147.818161 -338.374908 65.241402	1.407 6.592 -93.669
ttt_random_weapon	-24.882622 743.004150 269.409149	66.004 81.292 71.437
ttt_random_weapon	155.451889 481.339874 297.172699	2.134 5.695 -92.192
ttt_random_weapon	198.601868 486.965759 297.183319	2.022 5.704 -92.423
ttt_random_weapon	608.366699 923.725708 113.179688	1.999 4.859 -92.193
ttt_random_weapon	-624.883789 932.167480 113.140800	2.538 6.098 -91.076
ttt_random_weapon	-984.528442 -501.230011 141.212555	0.964 -0.959 -93.804
ttt_random_weapon	-956.145752 -613.379272 275.210144	1.749 3.960 -92.931
ttt_random_weapon	-1251.159790 -869.990112 131.150375	1.420 -1.062 -94.381
ttt_random_weapon	-417.414215 -1336.397583 117.377876	12.007 -1.102 -7.565
ttt_random_weapon	-528.773926 -1113.257568 116.939934	14.377 14.722 89.123
ttt_random_weapon	389.312469 -1341.225220 81.036400	1.412 5.999 -91.136
ttt_random_weapon	1540.282959 -1207.472412 33.209972	1.739 5.716 -93.006
ttt_random_weapon	1900.563843 -77.596451 142.171265	7.815 -47.102 -100.760
ttt_random_weapon	1831.077393 568.274841 201.239975	1.273 5.307 -94.399
ttt_random_weapon	1825.894897 581.142822 201.740189	-2.113 4.548 85.360
ttt_random_weapon	1811.346680 585.697693 201.125687	2.021 2.750 -91.817
ttt_random_weapon	1040.415039 -414.308289 93.747246	-2.048 138.602 85.454
ttt_random_weapon	1137.073730 -392.808441 65.735031	-1.977 161.623 85.566
ttt_random_weapon	1566.252197 582.929138 202.195328	1.928 4.718 -92.476
ttt_random_weapon	2205.544678 -2091.943848 86.233459	5.101 2.153 -89.170
ttt_random_weapon	2017.138794 -1249.073486 -3.631105	3.650 10.844 -95.733
item_ammo_smg1_ttt	-1319.099976 -846.619019 90.903503	0.000 285.000 0.000
item_ammo_smg1_ttt	-1314.959961 -862.073975 90.903503	0.000 285.000 0.000
item_ammo_smg1_ttt	-362.286011 884.617004 153.501007	0.000 225.000 0.000
item_ammo_smg1_ttt	-373.600006 873.304016 153.501007	0.000 225.000 0.000
item_ammo_smg1_ttt	193.220993 886.318970 180.751007	0.000 174.500 0.000
item_ammo_smg1_ttt	170.832993 886.507996 180.751007	0.000 278.500 0.000
item_ammo_smg1_ttt	-169.291000 748.445007 421.001007	0.000 165.000 0.000
item_ammo_smg1_ttt	-184.746002 752.585999 421.001007	0.000 165.000 0.000
item_ammo_smg1_ttt	-448.000000 888.000000 116.750999	0.000 180.000 0.000
item_ammo_smg1_ttt	-464.000000 888.000000 116.750999	0.000 180.000 0.000
item_ammo_smg1_ttt	1276.680054 -519.383972 92.344704	0.000 45.000 0.000
item_ammo_smg1_ttt	1265.369995 -530.697998 92.344704	0.000 45.000 0.000
item_ammo_smg1_ttt	-26.629999 417.302002 276.345001	0.000 45.000 0.000
item_ammo_smg1_ttt	-15.319900 428.615997 276.345001	0.000 45.000 0.000
item_ammo_smg1_ttt	1700.000000 772.000000 232.751007	0.000 180.000 0.000
item_ammo_smg1_ttt	1716.000000 772.000000 232.751007	0.000 180.000 0.000
item_ammo_smg1_ttt	2168.000000 -20.000000 144.751007	0.000 90.000 0.000
item_ammo_smg1_ttt	2168.000000 -4.000000 144.751007	0.000 90.000 0.000
item_ammo_smg1_ttt	373.289001 430.194000 -39.655300	0.000 270.500 0.000
item_ammo_smg1_ttt	373.428009 414.195007 -39.655300	0.000 270.500 0.000
item_ammo_smg1_ttt	-36.691101 550.752991 4.654130	0.000 83.500 0.000
item_ammo_smg1_ttt	10.000000 552.000000 -79.655296	0.000 180.000 0.000
item_ammo_smg1_ttt	1418.000000 -1564.000000 41.038502	0.000 0.000 0.000
item_ammo_smg1_ttt	1418.000000 -1542.000000 41.038502	0.000 0.000 0.000
item_ammo_smg1_ttt	-24.000000 600.000000 -75.248802	0.000 90.000 0.000
item_ammo_smg1_ttt	-24.000000 584.000000 -75.248802	0.000 90.000 0.000
item_ammo_smg1_ttt	-816.000000 -1356.000000 100.750999	0.000 270.000 0.000
item_ammo_smg1_ttt	-816.000000 -1372.000000 100.750999	0.000 270.000 0.000
item_ammo_smg1_ttt	-850.544983 -308.817993 68.751198	0.000 165.000 0.000
item_ammo_smg1_ttt	-866.000000 -306.000000 68.751198	0.000 165.000 0.000
item_ammo_smg1_ttt	-93.183502 661.210999 252.345001	0.000 83.500 0.000
item_ammo_smg1_ttt	-92.429100 644.887024 252.345001	0.000 83.500 0.000
weapon_ttt_m16	-611.232971 -432.217010 90.742104	0.000 189.500 90.000
weapon_ttt_m16	-1244.000000 -602.471008 69.682800	0.000 270.000 90.000
weapon_ttt_m16	-636.000000 -1214.469971 144.682999	0.000 270.000 90.000
weapon_ttt_m16	1644.000000 672.000000 112.682999	0.000 0.000 90.000
weapon_ttt_m16	-11.006600 399.677002 -45.067200	0.000 258.500 90.000
weapon_ttt_m16	-90.000000 606.000000 424.683014	0.000 341.500 90.000
weapon_ttt_m16	-787.232971 -376.217010 228.992004	0.000 189.500 90.000
weapon_ttt_m16	1900.000000 -394.000000 142.000000	0.000 330.000 90.000
weapon_ttt_m16	1644.000000 656.000000 112.682999	0.000 0.000 90.000
weapon_ttt_m16	1644.000000 640.000000 112.682999	0.000 0.000 90.000
weapon_ttt_m16	1486.150024 751.481995 240.682999	0.000 154.000 90.000
weapon_ttt_m16	205.940002 887.051025 328.683014	0.000 168.500 90.000
weapon_ttt_m16	252.000000 660.000000 160.000000	0.000 300.000 90.000
weapon_ttt_m16	1638.469971 -1462.000000 36.682899	0.000 0.000 90.000
weapon_ttt_m16	352.319000 276.510986 -41.067200	0.000 348.500 90.000
weapon_ttt_m16	-206.000000 108.511002 -75.317200	0.000 348.500 90.000
weapon_ttt_m16	-534.000000 -1400.000000 100.682999	0.000 0.000 90.000
item_box_buckshot_ttt	-848.000000 -424.000000 110.002998	0.000 0.000 0.000
item_box_buckshot_ttt	-864.000000 -424.000000 110.002998	0.000 0.000 0.000
item_box_buckshot_ttt	-880.000000 -424.000000 110.002998	0.000 0.000 0.000
item_box_buckshot_ttt	-368.424011 552.880005 146.294006	0.000 285.000 0.000
item_box_buckshot_ttt	-372.565002 568.333984 146.294006	0.000 285.000 0.000
item_box_buckshot_ttt	-376.705994 583.789001 146.294006	0.000 285.000 0.000
item_box_buckshot_ttt	-345.912994 425.459991 248.294006	0.000 315.000 0.000
item_box_buckshot_ttt	-357.226013 436.773987 248.294006	0.000 315.000 0.000
item_box_buckshot_ttt	-368.540009 448.087006 248.294006	0.000 315.000 0.000
item_box_buckshot_ttt	364.000000 640.000000 248.294006	0.000 90.000 0.000
item_box_buckshot_ttt	364.000000 624.000000 248.294006	0.000 90.000 0.000
item_box_buckshot_ttt	364.000000 608.000000 248.294006	0.000 90.000 0.000
item_box_buckshot_ttt	1380.000000 692.000000 136.294006	0.000 0.000 0.000
item_box_buckshot_ttt	1388.000000 712.000000 136.294006	0.000 298.000 0.000
item_box_buckshot_ttt	1368.000000 708.000000 136.294006	0.000 168.500 0.000
item_box_buckshot_ttt	1368.000000 724.000000 136.294006	0.000 241.500 0.000
item_box_buckshot_ttt	1399.829956 732.452026 64.293900	0.000 27.000 0.000
item_box_buckshot_ttt	1376.000000 740.000000 64.293900	0.000 233.000 0.000
item_box_buckshot_ttt	1530.630005 784.338989 96.000000	0.000 211.500 0.000
item_box_buckshot_ttt	1546.359985 784.901978 96.000000	0.000 270.500 0.000
item_box_buckshot_ttt	270.802002 668.661987 -13.706100	0.000 83.500 0.000
item_box_buckshot_ttt	270.809998 649.999023 -14.000000	0.000 173.500 0.000
item_box_buckshot_ttt	270.811005 635.999023 -14.000000	0.000 188.500 0.000
item_box_buckshot_ttt	259.437988 617.145020 -79.706100	0.000 266.500 0.000
item_box_buckshot_ttt	273.419006 617.879028 -79.706100	0.000 281.500 0.000
item_box_buckshot_ttt	-260.000000 660.000000 112.293999	0.000 55.500 0.000
item_box_buckshot_ttt	-248.000000 678.000000 112.293999	0.000 334.500 0.000
item_box_buckshot_ttt	-236.000000 644.000000 112.293999	0.000 97.000 0.000
item_box_buckshot_ttt	200.000000 192.000000 -43.206100	0.000 288.500 0.000
item_box_buckshot_ttt	184.000000 216.000000 -43.206100	0.000 335.500 0.000
item_box_buckshot_ttt	216.000000 216.000000 -43.206100	0.000 248.500 0.000
item_box_buckshot_ttt	1481.250000 -1279.050049 53.293900	0.000 45.000 0.000
item_box_buckshot_ttt	1456.449951 -1298.520020 53.293900	0.000 345.000 0.000
item_box_buckshot_ttt	1475.390015 -1303.959961 74.293900	0.000 81.500 0.000
item_box_buckshot_ttt	-1512.000000 -1648.000000 64.293900	0.000 270.000 0.000
item_box_buckshot_ttt	-1520.000000 -1544.000000 64.293900	0.000 270.000 0.000
item_box_buckshot_ttt	-1504.000000 -1544.000000 64.293900	0.000 270.000 0.000
item_box_buckshot_ttt	-434.000000 -1074.000000 96.293900	0.000 322.000 0.000
item_box_buckshot_ttt	-426.000000 -1102.000000 96.293900	0.000 173.000 0.000
item_box_buckshot_ttt	-432.000000 -1150.000000 96.293900	0.000 155.500 0.000
ttt_random_ammo	-320.000000 898.000000 194.001007	0.000 180.000 0.000
ttt_random_ammo	-302.000000 894.000000 194.001007	0.000 219.500 0.000
ttt_random_ammo	-304.778992 894.580994 146.001007	0.000 180.000 0.000
ttt_random_ammo	-250.000000 478.000000 190.001007	0.000 180.000 0.000
ttt_random_ammo	-276.000000 480.000000 190.001007	0.000 196.000 0.000
ttt_random_ammo	-93.448402 549.536987 2.000600	0.000 180.000 0.000
ttt_random_ammo	-131.000000 551.000000 2.000600	0.000 216.000 0.000
ttt_random_ammo	184.000000 444.000000 -45.749401	0.000 221.000 0.000
ttt_random_ammo	208.000000 420.000000 -45.749401	0.000 116.500 0.000
ttt_random_ammo	382.000000 500.000000 16.000601	0.000 285.000 0.000
ttt_random_ammo	382.000000 442.000000 16.000601	0.000 261.500 0.000
ttt_random_ammo	32.727501 265.319000 -79.999397	0.000 172.000 0.000
ttt_random_ammo	38.000000 232.000000 -79.999397	0.000 74.000 0.000
ttt_random_ammo	28.044100 206.227005 -79.999397	0.000 152.500 0.000
ttt_random_ammo	-989.046997 -520.270996 140.001007	0.000 287.500 0.000
ttt_random_ammo	-988.000000 -476.000000 140.001007	0.000 168.000 0.000
ttt_random_ammo	-988.000000 -448.000000 140.001007	0.000 192.000 0.000
ttt_random_ammo	-990.000000 -636.000000 146.001007	0.000 278.000 0.000
ttt_random_ammo	-962.268005 -632.081970 274.001007	0.000 221.000 0.000
ttt_random_ammo	-973.577026 -612.280029 274.001007	0.000 266.000 0.000
ttt_random_ammo	-1196.000000 -870.000000 146.001007	0.000 221.000 0.000
ttt_random_ammo	-1246.000000 -874.000000 146.001007	0.000 168.500 0.000
ttt_random_ammo	270.365814 661.211304 -27.095179	-0.240 3.343 -89.873
ttt_random_ammo	275.616425 633.025818 -27.071375	-2.238 -0.686 -90.008
ttt_random_ammo	264.517334 660.281921 -26.951660	-0.988 28.896 90.590
ttt_random_ammo	19.039467 568.429443 -37.383781	-0.058 -0.145 -0.116
ttt_random_ammo	35.152802 605.088562 -79.653183	0.050 0.000 -0.017
ttt_random_ammo	229.819702 207.103638 -43.262585	-0.036 -1.564 -0.053
ttt_random_ammo	234.863876 202.186417 -43.265949	-0.290 2.024 -0.398
ttt_random_ammo	247.688843 191.772186 -43.412842	0.043 -0.000 -0.035
ttt_random_ammo	193.829163 642.419250 160.874039	0.046 7.656 -0.020
ttt_random_ammo	202.882416 653.333130 164.138596	1.681 3.338 2.031
ttt_random_ammo	-87.474533 541.018066 149.098846	-0.040 0.000 0.034
ttt_random_ammo	-95.357384 538.779236 149.089737	-0.043 0.000 0.036
ttt_random_ammo	-379.825439 468.111877 384.393677	-0.368 -0.002 0.391
ttt_random_ammo	-376.214813 456.475922 384.378326	-0.135 -0.000 0.103
ttt_random_ammo	-612.682922 885.041931 394.357513	0.059 -0.000 -0.000
ttt_random_ammo	-603.576843 885.443420 394.391510	0.632 -0.005 -0.714
ttt_random_ammo	616.194214 877.124390 394.370941	0.099 -0.000 -0.056
ttt_random_ammo	603.140869 877.486511 394.335266	0.047 -0.000 0.027
ttt_random_ammo	366.960968 455.952271 384.333557	-0.046 -0.000 -0.028
ttt_random_ammo	357.324768 453.445496 384.384003	-0.192 -0.001 0.174
ttt_random_ammo	107.580299 772.006653 384.353363	0.054 0.000 -0.008
ttt_random_ammo	118.005447 771.651672 384.372772	0.109 0.000 0.069
ttt_random_ammo	-548.895203 541.088501 284.426666	1.289 0.031 1.542
ttt_random_ammo	-557.037292 535.150818 284.353302	0.054 0.000 -0.008
ttt_random_ammo	557.923828 695.682922 284.374451	0.119 0.000 0.083
ttt_random_ammo	543.824036 697.508057 284.332764	0.046 0.000 -0.028
ttt_random_ammo	20.849146 249.141296 248.414490	-1.246 -0.019 1.463
ttt_random_ammo	9.208675 249.387726 248.376404	-0.122 -0.000 0.086
ttt_random_ammo	14.697598 254.171509 248.392593	-0.703 -0.002 0.365
ttt_random_ammo	166.347778 -284.704803 288.357513	0.060 0.000 0.001
ttt_random_ammo	183.020569 -282.656433 288.460999	0.707 0.022 0.853
ttt_random_ammo	-162.521484 -298.360168 288.479065	1.685 -0.018 -2.089
ttt_random_ammo	-145.538147 -277.424072 288.387817	0.025 0.037 -0.152
ttt_random_ammo	-142.326584 -333.707764 64.359436	0.034 0.000 0.044
ttt_random_ammo	-160.228363 -340.036102 64.390373	0.633 0.006 0.769
ttt_random_ammo	128.692780 -357.274292 64.335175	0.006 0.000 0.010
ttt_random_ammo	154.321320 -352.289063 64.357407	0.029 0.000 0.038
ttt_random_ammo	115.994095 435.733826 248.495010	-0.000 -0.031 0.000
ttt_random_ammo	154.046616 466.118042 296.363281	0.058 0.000 0.002
ttt_random_ammo	165.470383 466.212128 296.353058	0.048 0.000 -0.015
ttt_random_ammo	190.288300 495.450104 296.363281	0.058 0.000 0.002
ttt_random_ammo	196.593735 500.021027 296.465668	0.799 -0.064 0.374
ttt_random_ammo	599.345032 949.596863 112.351204	0.053 0.000 -0.011
ttt_random_ammo	580.759521 940.113464 112.342300	0.048 0.000 -0.021
ttt_random_ammo	-611.299561 908.996399 115.601608	-88.554 -110.331 89.939
ttt_random_ammo	-620.273743 946.141907 112.367310	0.082 0.000 0.034
ttt_random_ammo	-408.284210 -1318.961670 113.946800	36.661 -1.529 -0.368
ttt_random_ammo	-406.967926 -1356.639404 112.919128	26.728 0.897 0.562
ttt_random_ammo	-518.836914 -1084.729980 112.879204	25.998 0.429 0.727
ttt_random_ammo	-519.059509 -1131.388306 112.976196	27.352 0.758 0.293
ttt_random_ammo	385.116425 -1325.250977 80.381851	-0.171 -0.001 0.209
ttt_random_ammo	398.956055 -1322.455688 80.353600	-0.022 -0.000 0.029
ttt_random_ammo	1534.002930 -1193.169800 32.335178	0.045 0.000 -0.026
ttt_random_ammo	1546.526367 -1194.697632 32.392338	0.593 0.005 0.669
ttt_random_ammo	1884.464478 -84.694260 141.298279	0.170 0.048 0.517
ttt_random_ammo	1892.607544 -89.966858 141.357239	0.051 0.000 -0.011
ttt_random_ammo	1845.371216 558.853455 200.385040	-0.337 0.062 -0.558
ttt_random_ammo	1805.649658 576.950195 203.682220	-89.037 -103.605 138.329
ttt_random_ammo	1042.432373 -390.223938 92.318146	-0.047 -0.000 -0.035
ttt_random_ammo	1050.892090 -413.617340 92.479164	0.915 0.006 0.878
ttt_random_ammo	1573.725342 601.460632 201.347626	-0.050 -0.000 -0.017
ttt_random_ammo	1587.100586 596.615112 201.340744	-0.048 -0.000 -0.023
ttt_random_ammo	2238.534424 -2105.022705 83.375465	1.063 0.924 5.003
ttt_random_ammo	2216.640381 -2102.029541 83.941261	-0.596 -0.928 8.389
ttt_random_ammo	1999.250977 -1246.314453 -0.829239	-85.107 76.438 -102.153
ttt_random_ammo	2001.040894 -1239.492065 -4.531653	0.934 -1.069 -5.211
weapon_zm_rifle	-706.903015 -592.700989 147.315994	0.000 258.500 90.000
weapon_zm_rifle	-985.609985 -471.115997 110.897003	-45.000 90.000 180.000
weapon_zm_rifle	1575.650024 593.268982 243.315994	0.000 31.500 90.000
weapon_zm_rifle	-258.000000 892.000000 327.316010	0.000 8.500 90.000
weapon_zm_rifle	76.000000 416.000000 387.316010	0.000 0.000 90.000
weapon_zm_rifle	-100.000000 416.000000 387.316010	0.000 0.000 90.000
weapon_zm_rifle	-921.268982 -488.346008 245.315994	0.000 121.500 90.000
weapon_zm_rifle	132.000000 662.000000 156.000000	0.000 345.000 90.000
weapon_zm_rifle	-1243.920044 -491.843994 112.316002	0.000 180.000 90.000
weapon_zm_rifle	382.000000 308.000000 17.957500	0.000 90.000 90.000
weapon_zm_rifle	2184.000000 -116.000000 148.000000	-90.000 90.000 0.000
weapon_zm_rifle	2006.000000 -438.000000 148.000000	-90.000 0.000 0.000
weapon_zm_rifle	-297.652008 -1116.000000 117.989998	0.000 90.000 116.000
weapon_zm_mac10	-1295.920044 -840.408020 90.623596	0.000 285.000 90.000
weapon_zm_mac10	-345.315002 867.646973 153.220993	0.000 225.000 90.000
weapon_zm_mac10	232.000000 878.000000 180.470993	0.000 148.000 90.000
weapon_zm_mac10	-175.503006 725.262024 420.721008	0.000 165.000 90.000
weapon_zm_mac10	-448.000000 864.000000 116.471001	0.000 180.000 90.000
weapon_zm_mac10	1250.439941 -520.950012 96.000000	0.000 75.000 90.000
weapon_zm_mac10	-41.560101 427.049988 280.000000	0.000 75.000 90.000
weapon_zm_mac10	1716.000000 748.000000 232.470993	0.000 180.000 90.000
weapon_zm_mac10	2144.000000 -20.000000 144.470993	0.000 90.000 90.000
weapon_zm_mac10	376.000000 476.000000 -47.528801	0.000 225.000 90.000
weapon_zm_mac10	-10.000000 555.788025 6.471190	0.000 255.000 90.000
weapon_zm_mac10	1422.000000 -1512.000000 40.758499	0.000 255.000 90.000
weapon_zm_mac10	-48.000000 584.000000 -75.528801	0.000 90.000 90.000
weapon_zm_mac10	-792.000000 -1356.000000 100.471001	0.000 270.000 90.000
weapon_zm_mac10	-878.000000 -302.000000 68.471199	0.000 210.000 90.000
weapon_zm_mac10	-88.000000 660.000000 268.000000	0.000 255.000 90.000
item_ammo_357_ttt	-720.000000 -648.000000 144.276001	0.000 270.000 0.000
item_ammo_357_ttt	-720.000000 -632.000000 144.276001	0.000 270.000 0.000
item_ammo_357_ttt	-720.000000 -560.000000 144.276001	0.000 270.000 0.000
item_ammo_357_ttt	-720.000000 -576.000000 144.276001	0.000 270.000 0.000
item_ammo_357_ttt	-989.244019 -486.467010 100.276001	0.000 0.000 0.000
item_ammo_357_ttt	-982.026978 -482.625000 100.276001	0.000 173.000 0.000
item_ammo_357_ttt	1615.589966 582.026978 240.276001	0.000 12.000 0.000
item_ammo_357_ttt	1599.939941 578.700012 240.276001	0.000 12.000 0.000
item_ammo_357_ttt	-194.000000 892.000000 324.276001	0.000 0.000 0.000
item_ammo_357_ttt	-210.000000 892.000000 324.276001	0.000 0.000 0.000
item_ammo_357_ttt	0.000000 392.000000 412.000000	0.000 0.000 0.000
item_ammo_357_ttt	56.000000 392.000000 412.000000	0.000 0.000 0.000
item_ammo_357_ttt	-56.000000 392.000000 412.000000	0.000 0.000 0.000
item_ammo_357_ttt	-112.000000 392.000000 412.000000	0.000 0.000 0.000
item_ammo_357_ttt	-906.700012 -464.062012 242.276001	0.000 102.000 0.000
item_ammo_357_ttt	-910.026978 -448.411011 242.276001	0.000 102.000 0.000
item_ammo_357_ttt	198.000000 692.000000 136.000000	0.000 225.000 0.000
item_ammo_357_ttt	140.000000 692.140991 134.000000	0.000 345.000 0.000
item_ammo_357_ttt	-1259.920044 -467.843994 109.276001	0.000 180.000 0.000
item_ammo_357_ttt	-1243.920044 -467.843994 109.276001	0.000 180.000 0.000
item_ammo_357_ttt	382.000000 348.000000 16.275801	0.000 345.000 0.000
item_ammo_357_ttt	382.000000 370.000000 16.275801	0.000 237.500 0.000
item_ammo_357_ttt	-324.000000 -1094.000000 96.275803	0.000 0.000 0.000
item_ammo_357_ttt	-324.000000 -1130.000000 96.275803	0.000 0.000 0.000
item_ammo_pistol_ttt	-611.340027 -413.682007 91.022003	0.000 180.000 0.000
item_ammo_pistol_ttt	-635.340027 -413.682007 91.022003	0.000 180.000 0.000
item_ammo_pistol_ttt	-623.340027 -413.682007 91.022003	0.000 180.000 0.000
item_ammo_pistol_ttt	-1264.000000 -600.000000 69.962799	0.000 270.000 0.000
item_ammo_pistol_ttt	-1264.000000 -624.000000 69.962799	0.000 270.000 0.000
item_ammo_pistol_ttt	-1264.000000 -612.000000 69.962799	0.000 270.000 0.000
item_ammo_pistol_ttt	-656.000000 -1212.000000 144.962997	0.000 270.000 0.000
item_ammo_pistol_ttt	-656.000000 -1236.000000 144.962997	0.000 270.000 0.000
item_ammo_pistol_ttt	-656.000000 -1224.000000 144.962997	0.000 270.000 0.000
item_ammo_pistol_ttt	-41.729401 391.178009 -44.787201	0.000 285.000 0.000
item_ammo_pistol_ttt	-35.517700 367.996002 -44.787201	0.000 285.000 0.000
item_ammo_pistol_ttt	-38.623501 379.587006 -44.787201	0.000 285.000 0.000
item_ammo_pistol_ttt	-787.340027 -357.682007 229.272003	0.000 180.000 0.000
item_ammo_pistol_ttt	-811.340027 -357.682007 229.272003	0.000 180.000 0.000
item_ammo_pistol_ttt	-799.340027 -357.682007 229.272003	0.000 180.000 0.000
item_ammo_pistol_ttt	1668.000000 688.000000 64.280197	0.000 0.000 0.000
item_ammo_pistol_ttt	1656.000000 688.000000 64.280197	0.000 0.000 0.000
item_ammo_pistol_ttt	1644.000000 688.000000 64.280197	0.000 0.000 0.000
item_ammo_pistol_ttt	1632.000000 688.000000 64.280197	0.000 0.000 0.000
item_ammo_pistol_ttt	1620.000000 688.000000 64.280197	0.000 0.000 0.000
item_ammo_pistol_ttt	1608.000000 688.000000 64.280197	0.000 0.000 0.000
item_ammo_pistol_ttt	1596.000000 688.000000 64.280197	0.000 0.000 0.000
item_ammo_pistol_ttt	1584.000000 688.000000 64.280197	0.000 0.000 0.000
item_ammo_pistol_ttt	1572.000000 688.000000 64.280197	0.000 0.000 0.000
item_ammo_pistol_ttt	1527.439941 765.062012 272.279999	0.000 184.500 0.000
item_ammo_pistol_ttt	1539.400024 766.002991 272.279999	0.000 184.500 0.000
item_ammo_pistol_ttt	1551.369995 766.945007 272.279999	0.000 184.500 0.000
item_ammo_pistol_ttt	1584.000000 412.000000 64.280197	0.000 0.000 0.000
item_ammo_pistol_ttt	1596.000000 412.000000 64.280197	0.000 0.000 0.000
item_ammo_pistol_ttt	1608.000000 412.000000 64.280197	0.000 0.000 0.000
item_ammo_pistol_ttt	254.000000 890.000000 328.963013	0.000 180.000 0.000
item_ammo_pistol_ttt	242.000000 890.000000 328.963013	0.000 180.000 0.000
item_ammo_pistol_ttt	230.000000 890.000000 328.963013	0.000 180.000 0.000
item_ammo_pistol_ttt	-42.000000 562.000000 248.279999	0.000 0.000 0.000
item_ammo_pistol_ttt	-30.000000 562.000000 248.279999	0.000 0.000 0.000
item_ammo_pistol_ttt	-16.151600 600.211975 456.279999	0.000 0.000 0.000
item_ammo_pistol_ttt	-36.000000 608.000000 456.279999	0.000 291.500 0.000
item_ammo_pistol_ttt	-30.857300 583.510010 456.279999	0.000 91.000 0.000
item_ammo_pistol_ttt	58.000000 584.000000 384.279999	0.000 0.000 0.000
item_ammo_pistol_ttt	46.000000 584.000000 384.279999	0.000 0.000 0.000
item_ammo_pistol_ttt	298.000000 626.000000 112.279999	0.000 225.000 0.000
item_ammo_pistol_ttt	289.515015 617.515015 112.279999	0.000 225.000 0.000
item_ammo_pistol_ttt	281.028992 609.028992 112.279999	0.000 225.000 0.000
item_ammo_pistol_ttt	1924.579956 -430.000000 142.000000	0.000 0.000 0.000
item_ammo_pistol_ttt	1936.579956 -430.000000 142.000000	0.000 0.000 0.000
item_ammo_pistol_ttt	1948.579956 -430.000000 142.000000	0.000 0.000 0.000
item_ammo_pistol_ttt	1976.000000 -428.000000 96.280098	0.000 0.000 0.000
item_ammo_pistol_ttt	1964.000000 -428.000000 96.280098	0.000 0.000 0.000
item_ammo_pistol_ttt	1660.000000 -1482.000000 36.962898	0.000 0.000 0.000
item_ammo_pistol_ttt	1648.000000 -1482.000000 36.962898	0.000 0.000 0.000
item_ammo_pistol_ttt	1636.000000 -1482.000000 36.962898	0.000 0.000 0.000
item_ammo_pistol_ttt	384.000000 252.000000 -40.787201	0.000 15.000 0.000
item_ammo_pistol_ttt	362.000000 244.000000 -40.787201	0.000 85.000 0.000
item_ammo_pistol_ttt	354.000000 262.000000 -40.787201	0.000 64.500 0.000
item_ammo_pistol_ttt	362.000000 336.000000 -40.787201	0.000 93.000 0.000
item_ammo_pistol_ttt	377.618988 323.998993 -40.787201	0.000 113.500 0.000
item_ammo_pistol_ttt	-204.319000 94.000000 -75.037201	0.000 64.500 0.000
item_ammo_pistol_ttt	-174.319000 84.000000 -75.037201	0.000 15.000 0.000
item_ammo_pistol_ttt	-196.319000 76.000000 -75.037201	0.000 85.000 0.000
item_ammo_pistol_ttt	-538.000000 -1422.000000 100.962997	0.000 0.000 0.000
item_ammo_pistol_ttt	-526.000000 -1422.000000 100.962997	0.000 0.000 0.000
item_ammo_pistol_ttt	-514.000000 -1422.000000 100.962997	0.000 0.000 0.000
weapon_zm_molotov	2120.000000 -320.000000 136.000000	0.000 0.000 90.000
weapon_zm_molotov	2112.000000 -312.000000 136.000000	0.000 60.000 90.000
weapon_zm_molotov	2120.000000 -296.000000 136.000000	0.000 117.000 90.000
weapon_zm_molotov	2123.360107 -305.518005 136.000000	0.000 187.000 90.000
weapon_zm_molotov	2108.360107 -289.264008 136.000000	0.000 216.000 90.000
weapon_zm_molotov	2101.560059 -300.441986 136.000000	0.000 89.000 90.000
weapon_zm_molotov	2100.800049 -282.570007 136.000000	0.000 146.000 90.000
weapon_zm_molotov	2112.439941 -303.559998 136.000000	0.000 29.000 90.000
weapon_zm_molotov	1840.000000 552.229980 128.000000	0.000 0.000 0.000
weapon_zm_molotov	1464.000000 672.000000 112.734001	0.000 0.000 0.000
weapon_zm_molotov	1464.000000 664.000000 112.734001	0.000 0.000 0.000
weapon_zm_molotov	-716.000000 -440.000000 164.733994	0.000 270.000 90.000
weapon_zm_molotov	-986.536011 -344.757996 150.735001	0.000 210.000 90.000
weapon_zm_molotov	-964.000000 -340.000000 150.735001	0.000 285.000 90.000
weapon_zm_molotov	-1196.750000 -868.000000 104.000000	0.000 270.000 90.000
weapon_zm_molotov	-347.950012 536.304016 150.985001	0.000 270.000 90.000
weapon_zm_molotov	-379.700012 532.328979 150.985001	0.000 315.000 90.000
weapon_zm_molotov	140.000000 880.000000 180.735001	0.000 315.000 90.000
weapon_zm_molotov	-22.665001 654.070984 256.734985	0.000 240.000 90.000
weapon_zm_molotov	-99.243797 636.749023 256.734985	0.000 247.500 90.000
weapon_zm_molotov	-109.504997 408.571014 308.984985	0.000 240.000 90.000
weapon_zm_molotov	-100.000000 764.000000 424.984985	0.000 247.500 90.000
weapon_zm_molotov	-108.000000 764.000000 424.984985	0.000 172.500 90.000
weapon_zm_molotov	1525.800049 -1292.250000 36.734600	0.000 187.000 90.000
weapon_zm_molotov	1504.000000 -1287.180054 36.734600	0.000 89.000 90.000
weapon_zm_molotov	1510.790039 -1276.000000 36.734600	0.000 216.000 90.000
weapon_zm_molotov	1522.439941 -1306.739990 36.734600	0.000 0.000 90.000
weapon_ttt_confgrenade	1544.000000 595.888977 243.487000	0.000 143.000 90.000
weapon_ttt_confgrenade	1554.310059 584.000000 243.487000	0.000 26.000 90.000
weapon_ttt_confgrenade	1369.689941 547.888977 95.987099	0.000 143.000 90.000
weapon_ttt_confgrenade	1380.000000 536.000000 95.987099	0.000 26.000 90.000
weapon_ttt_confgrenade	1865.760010 -79.322098 152.000000	0.000 103.500 90.000
weapon_ttt_confgrenade	1866.150024 -95.050903 152.000000	0.000 346.500 90.000
weapon_ttt_confgrenade	1028.000000 -416.000000 95.487099	0.000 143.000 90.000
weapon_ttt_confgrenade	-275.889008 717.695007 149.737000	0.000 233.000 90.000
weapon_ttt_confgrenade	-264.000000 728.000000 149.737000	0.000 116.000 90.000
weapon_ttt_confgrenade	-100.347000 587.614990 423.487000	0.000 188.000 90.000
weapon_ttt_confgrenade	-84.653099 586.494995 423.487000	0.000 71.000 90.000
weapon_ttt_confgrenade	-829.859009 -423.056000 111.487000	0.000 263.000 90.000
weapon_ttt_confgrenade	-824.716003 -408.187012 111.487000	0.000 146.000 90.000
weapon_ttt_confgrenade	-1516.000000 -1624.000000 89.737099	0.000 233.000 90.000
weapon_ttt_confgrenade	-1504.109985 -1613.689941 89.737099	0.000 116.000 90.000
weapon_ttt_confgrenade	-812.000000 -1044.000000 140.919998	0.000 116.000 90.000
weapon_ttt_confgrenade	-796.000000 -1290.920044 132.850998	0.000 233.000 90.000
weapon_ttt_confgrenade	491.694000 7.933030 90.919403	0.000 52.000 90.000
weapon_ttt_confgrenade	479.627014 -2.163090 90.919403	0.000 295.000 90.000
weapon_ttt_confgrenade	492.877014 21.332399 90.919403	0.000 151.000 90.000
weapon_ttt_confgrenade	479.876007 22.766001 90.919403	0.000 24.000 90.000
weapon_ttt_confgrenade	417.209015 -0.555576 90.919403	0.000 204.000 90.000
weapon_ttt_confgrenade	404.208008 0.878006 90.919403	0.000 331.000 90.000
weapon_ttt_confgrenade	405.390991 14.277400 90.919403	0.000 232.000 90.000
weapon_ttt_confgrenade	417.458008 24.373501 90.919403	0.000 115.000 90.000
item_ammo_revolver_ttt	-752.000000 -376.000000 100.276001	0.000 90.000 0.000
item_ammo_revolver_ttt	-752.000000 -360.000000 100.276001	0.000 90.000 0.000
item_ammo_revolver_ttt	-752.000000 -344.000000 100.276001	0.000 90.000 0.000
item_ammo_revolver_ttt	-1242.260010 -570.898010 104.276001	0.000 195.000 0.000
item_ammo_revolver_ttt	-1257.719971 -575.039001 104.276001	0.000 195.000 0.000
item_ammo_revolver_ttt	-1273.170044 -579.179993 104.276001	0.000 195.000 0.000
item_ammo_revolver_ttt	-128.893005 879.333984 148.294006	0.000 165.000 0.000
item_ammo_revolver_ttt	-123.696999 893.508972 148.294006	0.000 72.000 0.000
item_ammo_revolver_ttt	-144.283005 893.942017 148.294006	0.000 111.500 0.000
item_ammo_revolver_ttt	1248.000000 -568.000000 88.087898	0.000 289.000 0.000
item_ammo_revolver_ttt	1252.109985 -580.234985 88.087898	0.000 163.000 0.000
item_ammo_revolver_ttt	1253.469971 -595.244995 88.087898	0.000 209.000 0.000
item_ammo_revolver_ttt	-580.882019 -648.000000 92.275803	0.000 4.000 0.000
item_ammo_revolver_ttt	-568.000000 -647.195007 92.275803	0.000 238.000 0.000
item_ammo_revolver_ttt	-592.000000 -624.000000 92.275803	0.000 140.500 0.000
item_ammo_revolver_ttt	-592.885986 -639.437012 64.275803	0.000 293.500 0.000
item_ammo_revolver_ttt	-573.973999 -620.945007 64.275803	0.000 70.000 0.000
item_ammo_revolver_ttt	-25.598101 662.192017 252.276001	0.000 140.500 0.000
item_ammo_revolver_ttt	-13.000000 660.000000 252.276001	0.000 190.000 0.000
item_ammo_revolver_ttt	-15.925500 644.114014 252.276001	0.000 196.000 0.000
item_ammo_revolver_ttt	1382.910034 496.618988 100.276001	0.000 240.500 0.000
item_ammo_revolver_ttt	1376.469971 485.433990 100.276001	0.000 114.500 0.000
item_ammo_revolver_ttt	1366.130005 474.468994 100.276001	0.000 160.500 0.000
item_ammo_revolver_ttt	1551.239990 613.469971 240.276001	0.000 199.000 0.000
item_ammo_revolver_ttt	1539.010010 609.359985 240.276001	0.000 73.000 0.000
item_ammo_revolver_ttt	1524.000000 608.000000 240.276001	0.000 119.000 0.000
item_ammo_revolver_ttt	1795.930054 470.031006 200.276001	0.000 307.000 0.000
item_ammo_revolver_ttt	1781.260010 466.595001 200.276001	0.000 261.000 0.000
item_ammo_revolver_ttt	1769.709961 460.821991 200.276001	0.000 27.000 0.000
item_ammo_revolver_ttt	1837.709961 603.926025 148.434998	0.000 331.000 0.000
item_ammo_revolver_ttt	1839.189941 591.104004 148.434998	0.000 97.000 0.000
item_ammo_revolver_ttt	1837.359985 646.025024 158.526001	0.000 17.000 0.000
item_ammo_revolver_ttt	-80.000000 504.000000 190.276001	0.000 90.000 0.000
item_ammo_revolver_ttt	-80.000000 520.000000 190.276001	0.000 90.000 0.000
item_ammo_revolver_ttt	-80.000000 536.000000 190.276001	0.000 90.000 0.000
item_ammo_revolver_ttt	312.000000 560.000000 16.275801	0.000 180.000 0.000
item_ammo_revolver_ttt	328.000000 560.000000 16.275801	0.000 180.000 0.000
item_ammo_revolver_ttt	344.000000 560.000000 16.275801	0.000 180.000 0.000
item_ammo_revolver_ttt	-138.787994 738.411987 420.959991	0.000 171.500 0.000
item_ammo_revolver_ttt	-118.441002 744.435974 420.959991	0.000 225.000 0.000
item_ammo_revolver_ttt	-128.119003 756.023987 420.959991	0.000 132.000 0.000
item_ammo_revolver_ttt	188.412994 744.442017 384.276001	0.000 135.000 0.000
item_ammo_revolver_ttt	182.388000 764.788025 384.276001	0.000 81.500 0.000
item_ammo_revolver_ttt	200.000000 754.119995 384.276001	0.000 42.000 0.000
item_ammo_revolver_ttt	-941.469971 -512.755005 242.276001	0.000 289.000 0.000
item_ammo_revolver_ttt	-937.359985 -524.989990 242.276001	0.000 163.000 0.000
item_ammo_revolver_ttt	-936.000000 -540.000000 242.276001	0.000 209.000 0.000
item_ammo_revolver_ttt	1576.000000 -1528.000000 41.038502	0.000 0.000 0.000
item_ammo_revolver_ttt	1588.000000 -1522.000000 41.038502	0.000 332.500 0.000
item_ammo_revolver_ttt	1580.000000 -1544.000000 41.038502	0.000 126.000 0.000
item_ammo_revolver_ttt	-372.082001 490.000000 146.526001	0.000 231.500 0.000
item_ammo_revolver_ttt	-382.000000 508.045013 146.526001	0.000 192.000 0.000
item_ammo_revolver_ttt	-367.126007 510.631989 146.526001	0.000 285.000 0.000
item_ammo_revolver_ttt	79.842598 654.973999 152.000000	0.000 215.500 0.000
item_ammo_revolver_ttt	72.210503 668.000000 152.000000	0.000 122.500 0.000
item_ammo_revolver_ttt	62.781601 648.791016 152.000000	0.000 162.000 0.000
item_ammo_revolver_ttt	-28.740999 898.632019 324.276001	0.000 285.000 0.000
item_ammo_revolver_ttt	-43.615002 896.044983 324.276001	0.000 192.000 0.000
item_ammo_revolver_ttt	4.000000 896.000000 324.276001	0.000 231.500 0.000
item_ammo_revolver_ttt	16.000000 890.000000 324.276001	0.000 318.000 0.000
item_ammo_revolver_ttt	36.000000 886.000000 324.276001	0.000 78.000 0.000
item_ammo_revolver_ttt	-1136.000000 -624.000000 160.276001	0.000 90.000 0.000
item_ammo_revolver_ttt	-1136.000000 -640.000000 160.276001	0.000 90.000 0.000
item_ammo_revolver_ttt	-1136.000000 -656.000000 160.276001	0.000 90.000 0.000
item_ammo_revolver_ttt	212.000000 360.000000 -45.474201	0.000 180.000 0.000
item_ammo_revolver_ttt	238.000000 369.677002 -54.000000	0.000 130.500 0.000
item_ammo_revolver_ttt	200.000000 386.000000 -45.474201	0.000 253.000 0.000
item_ammo_revolver_ttt	-184.000000 576.000000 -79.724197	0.000 0.000 0.000
item_ammo_revolver_ttt	-200.000000 576.000000 -79.724197	0.000 0.000 0.000
item_ammo_revolver_ttt	-216.000000 576.000000 -79.724197	0.000 0.000 0.000
item_ammo_revolver_ttt	-350.000000 -1324.000000 96.275803	0.000 333.000 0.000
item_ammo_revolver_ttt	-348.000000 -1346.000000 96.275803	0.000 265.500 0.000
item_ammo_revolver_ttt	-350.000000 -1370.000000 96.275803	0.000 185.000 0.000
item_ammo_revolver_ttt	-322.000000 -1300.920044 96.275803	0.000 16.500 0.000
item_ammo_revolver_ttt	-319.174988 -1324.839966 96.275803	0.000 97.000 0.000
item_ammo_revolver_ttt	-312.829010 -1346.000000 96.275803	0.000 164.500 0.000
item_ammo_revolver_ttt	-124.035004 419.601990 304.526001	0.000 35.500 0.000
item_ammo_revolver_ttt	-144.000000 414.937012 304.526001	0.000 91.000 0.000
item_ammo_revolver_ttt	-129.412994 408.000000 304.526001	0.000 85.000 0.000
weapon_zm_shotgun	-872.000000 -400.000000 113.042999	0.000 0.000 90.000
weapon_zm_shotgun	-351.453003 582.273010 149.334000	0.000 285.000 90.000
weapon_zm_shotgun	-345.912994 459.401001 251.334000	0.000 315.000 90.000
weapon_zm_shotgun	1441.989990 -1277.880005 35.333900	0.000 45.000 90.000
weapon_zm_shotgun	340.000000 616.000000 251.334000	0.000 90.000 90.000
weapon_zm_shotgun	1592.000000 640.000000 110.488998	0.000 0.000 90.000
weapon_zm_shotgun	1592.000000 656.000000 110.488998	0.000 0.000 90.000
weapon_zm_shotgun	1592.000000 672.000000 110.488998	0.000 0.000 90.000
weapon_zm_shotgun	264.964996 703.174988 5.333860	0.000 83.500 90.000
weapon_zm_shotgun	-268.000000 690.484009 115.334000	0.000 75.000 90.000
weapon_zm_shotgun	247.214996 216.000000 -40.166100	0.000 330.000 90.000
weapon_zm_shotgun	-1509.390015 -1581.670044 89.583900	0.000 270.000 90.000
weapon_zm_shotgun	2184.000000 -140.000000 204.000000	0.000 90.000 0.000
weapon_zm_shotgun	2184.000000 -140.000000 192.000000	0.000 90.000 0.000
weapon_zm_shotgun	1982.000000 -438.000000 192.000000	0.000 0.000 0.000
weapon_zm_shotgun	1982.000000 -438.000000 204.000000	0.000 0.000 0.000
weapon_zm_shotgun	-432.000000 -1116.000000 99.333900	0.000 283.500 90.000
weapon_zm_sledge	1028.349976 -399.752991 96.000000	15.000 330.000 0.000
weapon_zm_sledge	1480.000000 640.000000 111.858002	0.000 90.000 0.000
weapon_zm_sledge	1504.000000 640.000000 111.858002	0.000 90.000 0.000
weapon_zm_sledge	-240.000000 636.000000 150.108002	0.000 150.000 0.000
weapon_zm_sledge	-350.000000 702.000000 251.858002	0.000 348.000 0.000
weapon_zm_sledge	1872.000000 -55.384800 146.000000	0.000 30.000 0.000
weapon_zm_sledge	1454.000000 -1466.000000 71.855797	0.000 315.000 0.000
weapon_zm_sledge	192.000000 430.000000 -41.892200	0.000 52.500 0.000
weapon_zm_sledge	-804.000000 -1214.000000 130.000000	0.000 270.000 0.000
weapon_zm_revolver	1248.910034 -535.169006 95.315804	0.000 330.000 90.000
weapon_zm_revolver	-776.000000 -360.000000 103.316002	0.000 90.000 90.000
weapon_zm_revolver	-1243.359985 -579.612000 107.316002	0.000 243.000 90.000
weapon_zm_revolver	-137.192993 867.104004 151.334000	0.000 165.000 90.000
weapon_zm_revolver	-43.090000 412.830994 279.316010	0.000 330.000 90.000
weapon_zm_revolver	-29.090000 645.830994 253.998001	0.000 330.000 90.000
weapon_zm_revolver	-600.000000 -640.000000 99.503700	0.000 45.000 90.000
weapon_zm_revolver	-576.890991 -632.346008 99.503700	0.000 89.500 90.000
weapon_zm_revolver	1355.439941 504.000000 107.503998	0.000 330.000 90.000
weapon_zm_revolver	1533.770020 597.552979 247.503998	0.000 240.000 90.000
weapon_zm_revolver	1784.800049 479.015991 207.503998	0.000 68.000 90.000
weapon_zm_revolver	1832.000000 580.000000 148.000000	0.000 2.500 90.000
weapon_zm_revolver	-84.000000 552.000000 193.315994	0.000 75.000 90.000
weapon_zm_revolver	296.000000 556.000000 19.315800	0.000 165.000 90.000
weapon_zm_revolver	-112.000000 731.132996 424.000000	0.000 225.000 90.000
weapon_zm_revolver	190.000000 726.000000 387.316010	0.000 75.000 90.000
weapon_zm_revolver	-925.552979 -530.231018 249.503998	0.000 330.000 90.000
weapon_zm_revolver	1586.000000 -1516.000000 44.078499	0.000 195.000 90.000
weapon_zm_revolver	-352.385010 509.558990 149.565994	0.000 285.000 90.000
weapon_zm_revolver	84.000000 642.000000 154.000000	0.000 215.500 90.000
weapon_zm_revolver	-14.000000 897.559021 327.316010	0.000 285.000 90.000
weapon_zm_revolver	40.000000 896.000000 327.316010	0.000 178.000 90.000
weapon_zm_revolver	-1142.119995 -617.117981 161.998001	0.000 57.500 90.000
weapon_zm_revolver	196.000000 356.000000 -42.434200	0.000 165.000 90.000
weapon_zm_revolver	-168.000000 580.000000 -76.684196	0.000 345.000 90.000
weapon_zm_revolver	-360.510010 -1299.189941 99.315804	0.000 333.000 90.000
weapon_zm_revolver	-324.000000 -1376.000000 99.315804	0.000 74.000 90.000
weapon_zm_revolver	-138.934006 427.209015 306.247009	0.000 225.000 90.000
weapon_ttt_glock	1536.000000 636.000000 109.931999	0.000 0.000 90.000
weapon_ttt_glock	1536.000000 652.000000 109.931999	0.000 0.000 90.000
weapon_ttt_glock	-48.000000 442.000000 -46.000000	0.000 328.500 90.000
weapon_ttt_glock	1615.589966 -1367.010010 62.431702	0.000 24.500 90.000
weapon_ttt_glock	340.000000 338.000000 -43.818199	0.000 262.500 90.000
weapon_ttt_glock	2185.000000 -148.000000 161.000000	0.000 90.000 0.000
weapon_ttt_glock	1974.000000 -439.000000 161.000000	0.000 0.000 0.000
weapon_ttt_glock	-716.000000 -408.000000 161.932007	0.000 270.000 90.000
weapon_zm_pistol	-800.000000 -432.000000 109.723000	0.000 54.000 90.000
weapon_zm_pistol	-807.789978 -439.483002 109.723000	0.000 122.000 90.000
weapon_zm_pistol	-1248.959961 -652.315979 105.723000	0.000 340.500 90.000
weapon_zm_pistol	1422.109985 484.632996 93.723198	0.000 280.000 90.000
weapon_zm_pistol	1437.000000 490.647003 93.723198	0.000 208.500 90.000
weapon_zm_pistol	1813.630005 612.489014 225.973007	0.000 53.000 90.000
weapon_zm_pistol	-11.416300 444.747986 -46.000000	0.000 21.500 90.000
weapon_zm_pistol	-16.000000 612.000000 285.722992	0.000 319.000 90.000
weapon_zm_pistol	-44.000000 598.000000 285.722992	0.000 31.000 90.000
weapon_zm_pistol	22.065399 594.000000 426.915985	0.000 32.000 90.000
weapon_zm_pistol	178.000000 688.000000 385.722992	0.000 26.000 90.000
weapon_zm_pistol	176.000000 704.000000 385.722992	0.000 279.500 90.000
weapon_zm_pistol	1942.000000 -412.000000 142.000000	0.000 38.000 90.000
weapon_zm_pistol	1930.000000 -394.000000 142.000000	0.000 301.500 90.000
weapon_zm_pistol	362.000000 328.000000 -43.818199	0.000 37.500 90.000
weapon_zm_pistol	2185.000000 -148.000000 171.000000	0.000 90.000 0.000
weapon_zm_pistol	1974.000000 -439.000000 171.000000	0.000 0.000 0.000
weapon_zm_pistol	-716.000000 -424.000000 161.932007	0.000 270.000 90.000
