# Trouble in Terrorist Town weapon/ammo placement overrides
# For map: ttt_plaza_b7
# Exported by: Bestari
setting:	replacespawns 0
weapon_ttt_smokegrenade	360.000000 -597.000000 71.000000	0.000 0.000 0.000
weapon_ttt_smokegrenade	360.000000 -616.000000 71.000000	0.000 0.000 0.000
weapon_ttt_smokegrenade	360.000000 -632.000000 71.000000	0.000 0.000 0.000
weapon_ttt_smokegrenade	360.000000 -648.000000 71.000000	0.000 0.000 0.000
weapon_ttt_smokegrenade	360.000000 -664.000000 71.000000	0.000 0.000 0.000
weapon_ttt_smokegrenade	360.000000 -760.000000 71.000000	0.000 0.000 0.000
weapon_ttt_smokegrenade	360.000000 -744.000000 71.000000	0.000 0.000 0.000
weapon_ttt_smokegrenade	360.000000 -728.000000 71.000000	0.000 0.000 0.000
weapon_ttt_smokegrenade	360.000000 -712.000000 71.000000	0.000 0.000 0.000
weapon_ttt_smokegrenade	360.000000 -693.000000 71.000000	0.000 0.000 0.000
ttt_random_weapon	-233.820007 -266.907013 40.669601	0.000 0.000 0.000
ttt_random_weapon	292.157013 -290.549988 24.794100	0.000 0.000 0.000
ttt_random_weapon	1239.069946 -1060.040039 74.372902	0.000 0.000 0.000
ttt_random_weapon	1238.479980 -858.534973 74.372902	0.000 0.000 0.000
ttt_random_weapon	1036.780029 -1193.369995 74.372902	0.000 0.000 0.000
ttt_random_weapon	1180.300049 -518.481018 74.372902	0.000 0.000 0.000
ttt_random_weapon	416.040985 -1014.270020 111.600998	0.000 0.000 0.000
ttt_random_weapon	508.928009 -1014.270020 110.934998	0.000 0.000 0.000
ttt_random_weapon	2515.366455 -961.566772 122.416824	-2.323 -75.322 85.746
ttt_random_weapon	2414.668945 -485.486176 115.216034	1.695 4.619 -93.011
ttt_random_weapon	2533.079834 -477.258270 110.503334	1.420 7.596 -94.542
ttt_random_weapon	2609.961426 -25.255493 77.199417	1.882 4.926 -92.582
ttt_random_weapon	2600.496094 -82.824699 77.214760	1.709 4.925 -92.978
ttt_random_weapon	3028.996094 1447.236938 71.709724	1.391 2.786 -92.049
ttt_random_weapon	2027.837769 1353.173828 83.294151	0.076 2.762 -93.083
ttt_random_weapon	614.125732 1340.629395 337.213745	1.720 4.926 -92.952
ttt_random_weapon	277.453918 865.473145 233.804993	1.705 4.768 -92.986
ttt_random_weapon	362.836670 1320.442017 233.786774	1.910 4.782 -92.516
ttt_random_weapon	955.129883 1327.267456 233.793304	1.837 4.777 -92.685
ttt_random_weapon	948.745178 828.207947 233.798050	0.786 0.470 -93.347
ttt_random_weapon	1149.915405 819.142395 97.787148	1.902 4.782 -92.536
ttt_random_weapon	1129.531860 804.584656 97.745941	1.993 3.779 -92.116
ttt_random_weapon	287.420074 1216.483643 115.220978	1.639 4.764 -93.139
ttt_random_weapon	394.572021 1215.133667 115.217491	1.678 4.766 -93.049
ttt_random_weapon	624.923706 263.480865 103.203560	1.981 3.887 -93.796
ttt_random_weapon	-309.143066 -832.276917 65.186752	2.024 -166.798 -92.256
ttt_random_weapon	-873.661133 -669.996948 97.205399	1.814 4.776 -92.736
ttt_random_weapon	-1271.380615 -299.093353 95.254814	1.505 4.754 -93.446
ttt_random_weapon	-1260.412842 -343.309570 95.228035	1.807 4.775 -92.753
ttt_random_weapon	-1166.938843 -269.435425 95.225410	1.837 4.777 -92.685
ttt_random_weapon	-1191.936523 -315.015411 95.238548	1.689 4.767 -93.024
ttt_random_weapon	-1101.991943 -312.503204 95.262558	1.417 4.746 -93.646
ttt_random_weapon	-1156.765991 -354.151428 95.233948	1.741 4.771 -92.905
ttt_random_weapon	-1114.248535 -275.012054 95.241287	1.658 4.765 -93.095
ttt_random_weapon	-1222.816895 -281.172058 95.232834	1.753 4.772 -92.877
ttt_random_weapon	1173.870605 658.123962 101.797050	2.222 2.872 -92.032
ttt_random_weapon	1127.609375 319.010498 267.879883	2.197 3.205 -92.124
ttt_random_weapon	1011.835205 289.911163 201.206177	1.715 6.428 -92.927
ttt_random_weapon	572.281372 523.642334 238.195023	1.287 4.469 -93.802
ttt_random_weapon	692.929321 512.423889 267.862488	1.750 3.904 -93.172
ttt_random_weapon	660.293213 489.212646 201.131561	2.167 4.703 -91.380
ttt_random_weapon	1250.192871 341.739838 66.782204	-4.150 0.536 -13.891
ttt_random_weapon	1208.440552 350.830963 65.220146	1.648 4.764 -93.117
ttt_random_weapon	1215.349365 -1076.689697 65.208115	1.784 4.928 -92.806
ttt_random_weapon	1224.272339 -1019.301331 65.740211	-2.231 96.508 86.827
ttt_random_weapon	1213.864258 -877.166138 65.195580	1.925 4.924 -92.483
ttt_random_weapon	814.746094 -910.909485 65.200867	1.865 4.929 -92.619
ttt_random_weapon	815.255066 -815.465271 65.215729	1.698 5.212 -93.003
ttt_random_weapon	791.818115 -1001.888977 65.210464	1.757 4.928 -92.867
ttt_random_weapon	792.026733 -1101.382568 65.215256	1.703 4.926 -92.991
ttt_random_weapon	658.583618 -608.541504 201.220566	1.643 4.764 -93.128
ttt_random_weapon	599.992615 -159.650375 201.235825	1.471 5.250 -93.524
ttt_random_weapon	1234.665405 -548.293030 201.192856	1.956 4.786 -92.412
item_ammo_smg1_ttt	80.000000 -792.286987 101.000000	0.000 0.000 0.000
item_ammo_smg1_ttt	80.000000 -767.000000 101.000000	0.000 0.000 0.000
item_ammo_smg1_ttt	80.000000 -741.713013 101.000000	0.000 0.000 0.000
item_ammo_smg1_ttt	80.000000 -647.427002 101.000000	0.000 0.000 0.000
item_ammo_smg1_ttt	80.000000 -672.713013 101.000000	0.000 0.000 0.000
item_ammo_smg1_ttt	80.000000 -698.000000 101.000000	0.000 0.000 0.000
item_ammo_smg1_ttt	1136.219971 534.843994 201.345001	0.000 0.000 0.000
item_ammo_smg1_ttt	1134.699951 506.700989 201.345001	0.000 0.000 0.000
item_ammo_smg1_ttt	-299.000000 1088.000000 72.000000	0.000 270.000 0.000
item_ammo_smg1_ttt	-273.000000 1088.000000 72.000000	0.000 270.000 0.000
item_ammo_smg1_ttt	2568.699951 -970.168030 77.344704	0.000 0.000 0.000
item_ammo_smg1_ttt	2572.719971 -935.653992 77.344704	0.000 0.000 0.000
item_ammo_smg1_ttt	1204.050049 -310.558014 201.345001	0.000 0.000 0.000
item_ammo_smg1_ttt	1207.109985 -335.454010 201.345001	0.000 0.000 0.000
weapon_ttt_m16	112.000000 -1140.000000 142.000000	0.000 0.000 0.000
weapon_ttt_m16	112.000000 -1140.000000 118.000000	0.000 0.000 0.000
weapon_ttt_m16	2542.340088 -886.952026 131.298004	0.000 0.000 0.000
weapon_ttt_m16	1137.239990 -464.587006 69.682800	0.000 0.000 0.000
weapon_ttt_m16	1102.689941 -277.417999 205.682999	0.000 0.000 0.000
weapon_ttt_m16	1078.849976 -428.105011 205.682999	0.000 0.000 0.000
weapon_ttt_m16	815.065002 -145.048004 86.744202	0.000 0.000 0.000
item_box_buckshot_ttt	69.000000 -1108.000000 67.000000	0.000 0.000 0.000
item_box_buckshot_ttt	69.000000 -1121.000000 67.000000	0.000 0.000 0.000
item_box_buckshot_ttt	69.000000 -1133.000000 67.000000	0.000 0.000 0.000
item_box_buckshot_ttt	80.000000 -778.000000 128.000000	0.000 0.000 0.000
item_box_buckshot_ttt	80.000000 -762.000000 128.000000	0.000 0.000 0.000
item_box_buckshot_ttt	80.000000 -746.000000 128.000000	0.000 0.000 0.000
item_box_buckshot_ttt	79.000000 -658.000000 128.000000	0.000 0.000 0.000
item_box_buckshot_ttt	79.000000 -674.000000 128.000000	0.000 0.000 0.000
item_box_buckshot_ttt	79.000000 -690.000000 128.000000	0.000 0.000 0.000
item_box_buckshot_ttt	2604.260010 -991.945007 77.293900	0.000 0.000 0.000
item_box_buckshot_ttt	2599.040039 -967.112976 77.293900	0.000 0.000 0.000
item_box_buckshot_ttt	2601.270020 -940.934021 77.293900	0.000 0.000 0.000
item_box_buckshot_ttt	2617.590088 -970.526978 77.293900	0.000 0.000 0.000
item_box_buckshot_ttt	1100.760010 275.878998 201.294006	0.000 0.000 0.000
item_box_buckshot_ttt	1099.780029 290.096008 201.294006	0.000 0.000 0.000
item_box_buckshot_ttt	1260.170044 175.057007 65.293900	0.000 0.000 0.000
item_box_buckshot_ttt	1245.479980 175.977005 65.293900	0.000 0.000 0.000
item_box_buckshot_ttt	-1759.589966 67.025200 65.293900	0.000 0.000 0.000
item_box_buckshot_ttt	-1742.170044 67.472397 65.293900	0.000 0.000 0.000
item_box_buckshot_ttt	1186.449951 -902.091003 65.293900	0.000 0.000 0.000
item_box_buckshot_ttt	1193.209961 -989.853027 65.293900	0.000 0.000 0.000
ttt_random_ammo	2496.914063 -948.763428 83.512115	89.338 -40.335 90.608
ttt_random_ammo	2395.421387 -483.647430 114.392365	0.710 -0.007 -0.810
ttt_random_ammo	2396.067383 -471.961121 114.327858	0.046 0.000 -0.031
ttt_random_ammo	2405.245117 -469.146484 114.416122	1.650 0.035 1.994
ttt_random_ammo	2556.228760 -473.998016 109.711403	-0.001 0.364 -0.731
ttt_random_ammo	2541.774414 -498.839752 78.758408	-0.000 15.203 90.218
ttt_random_ammo	2552.039307 -492.992615 76.481247	0.178 4.696 0.102
ttt_random_ammo	2536.415039 -494.846313 79.623367	-89.032 156.017 -91.211
ttt_random_ammo	3032.310547 1455.249878 73.314201	-0.033 1.717 -87.777
ttt_random_ammo	3023.441406 1454.547363 74.292336	-87.679 -81.494 97.486
ttt_random_ammo	2042.576172 1346.693481 83.249275	-2.276 -0.381 -0.816
ttt_random_ammo	2056.835205 1371.438354 83.386139	-2.455 -0.236 -0.803
ttt_random_ammo	589.618103 1351.797363 336.333557	-0.046 -0.000 -0.028
ttt_random_ammo	596.654785 1354.694214 336.376404	-0.123 -0.000 0.087
ttt_random_ammo	262.458771 854.555176 232.972229	-0.061 -0.000 0.011
ttt_random_ammo	276.072021 849.734253 232.975677	-0.071 -0.000 0.025
ttt_random_ammo	358.326019 1336.122192 232.924820	-0.044 0.000 0.038
ttt_random_ammo	345.238342 1337.431519 232.954926	0.043 -0.000 0.020
ttt_random_ammo	977.600525 1322.289429 232.916931	0.046 -0.000 0.037
ttt_random_ammo	966.247070 1306.704346 232.936462	-0.041 0.000 0.035
ttt_random_ammo	932.187073 811.481750 232.968704	-0.054 -0.000 0.001
ttt_random_ammo	918.448792 810.861023 232.982376	-0.100 -0.000 0.064
ttt_random_ammo	1155.708252 783.467651 96.922211	-0.045 -0.000 -0.035
ttt_random_ammo	1164.108276 800.313538 96.953209	-0.043 -0.000 -0.021
ttt_random_ammo	387.801514 1204.170288 114.344566	0.048 0.000 -0.019
ttt_random_ammo	261.806793 1202.114746 114.349014	0.050 0.000 -0.014
ttt_random_ammo	639.605164 250.778671 102.381012	0.186 0.001 0.167
ttt_random_ammo	617.559204 237.843445 102.379440	0.167 0.001 0.143
ttt_random_ammo	-309.504120 -811.327881 64.357460	0.057 0.000 0.000
ttt_random_ammo	-318.020325 -820.639771 64.330315	0.045 -0.000 0.029
ttt_random_ammo	-879.956238 -650.089661 96.410583	1.685 0.034 2.028
ttt_random_ammo	-886.413940 -686.616699 96.382057	-0.167 -0.001 0.143
ttt_random_ammo	1182.392334 678.035583 100.943207	0.045 0.000 -0.036
ttt_random_ammo	1177.634644 688.240356 100.968933	0.040 0.000 -0.029
ttt_random_ammo	1136.827759 300.755951 267.053467	0.119 -0.039 0.444
ttt_random_ammo	1144.670776 309.103699 267.064758	-0.158 0.038 0.508
ttt_random_ammo	1014.842712 270.540161 200.339920	0.046 0.000 -0.023
ttt_random_ammo	565.189819 534.410828 237.444794	-0.040 -2.216 0.044
ttt_random_ammo	694.063354 501.675690 267.071808	0.170 0.037 -0.528
ttt_random_ammo	702.115601 517.070007 223.686859	0.189 0.036 -0.560
ttt_random_ammo	1259.954468 361.877533 64.379440	0.166 0.001 0.142
ttt_random_ammo	1266.543213 353.226257 64.361519	0.065 -0.000 -0.010
ttt_random_ammo	1265.246826 345.493256 64.482452	0.035 2.581 -0.354
ttt_random_ammo	1196.501099 364.640320 64.367302	0.081 0.000 0.033
ttt_random_ammo	1192.687500 359.765320 64.372704	0.106 -0.000 -0.066
ttt_random_ammo	1204.338135 367.080719 64.346802	0.049 0.000 -0.017
ttt_random_ammo	1237.477661 -1081.651733 64.365425	0.077 0.000 0.026
ttt_random_ammo	679.774475 -615.884827 200.391800	0.595 -0.005 -0.671
ttt_random_ammo	598.235535 -138.764267 200.478119	1.481 0.148 1.700
ttt_random_ammo	609.844177 -139.846680 200.339966	0.047 0.000 -0.023
ttt_random_ammo	1250.252075 -525.068420 200.395081	1.216 0.018 1.427
ttt_random_ammo	1247.480835 -568.622375 200.349014	0.050 0.000 -0.014
weapon_zm_rifle	262.000000 -1139.000000 132.753006	0.000 0.000 0.000
weapon_zm_rifle	262.000000 -1139.000000 162.753006	0.000 0.000 0.000
weapon_zm_rifle	2160.000000 844.000000 266.000000	0.000 90.000 -90.000
weapon_zm_rifle	824.000000 1106.000000 348.000000	0.000 0.000 0.000
weapon_zm_rifle	720.129028 435.459015 468.958008	0.000 0.000 0.000
weapon_zm_rifle	378.329987 -885.073975 202.957993	0.000 0.000 0.000
weapon_zm_rifle	2305.159912 -637.820984 78.957497	0.000 0.000 0.000
weapon_zm_rifle	1151.119995 -262.243011 202.957993	0.000 0.000 0.000
weapon_zm_rifle	2431.009033 -950.110291 102.528168	1.800 -36.330 67.718
weapon_zm_mac10	194.000000 -1140.000000 144.000000	0.000 0.000 0.000
weapon_zm_mac10	194.000000 -1140.000000 164.000000	0.000 0.000 0.000
weapon_zm_mac10	194.000000 -1140.000000 118.000000	0.000 0.000 0.000
weapon_zm_mac10	1117.479980 551.620972 205.470993	0.000 0.000 0.000
weapon_zm_mac10	2353.889893 -28.475300 81.471199	0.000 0.000 0.000
weapon_zm_mac10	626.594971 -560.351990 243.470993	0.000 0.000 0.000
weapon_zm_mac10	809.427979 -229.126007 205.470993	0.000 0.000 0.000
item_ammo_357_ttt	528.000000 -1016.000000 128.000000	0.000 90.000 0.000
item_ammo_357_ttt	504.000000 -1016.000000 128.000000	0.000 90.000 0.000
item_ammo_357_ttt	480.000000 -1016.000000 128.000000	0.000 90.000 0.000
item_ammo_357_ttt	392.000000 -1016.000000 128.000000	0.000 90.000 0.000
item_ammo_357_ttt	416.000000 -1016.000000 128.000000	0.000 90.000 0.000
item_ammo_357_ttt	440.000000 -1016.000000 128.000000	0.000 90.000 0.000
item_ammo_357_ttt	-348.000000 1088.000000 72.000000	0.000 270.000 0.000
item_ammo_357_ttt	-334.000000 1088.000000 72.000000	0.000 270.000 0.000
item_ammo_357_ttt	-320.000000 1088.000000 72.000000	0.000 270.000 0.000
item_ammo_357_ttt	2329.689941 -663.963013 77.275803	0.000 0.000 0.000
item_ammo_357_ttt	2304.969971 -663.422974 77.275803	0.000 0.000 0.000
item_ammo_357_ttt	732.507202 448.432800 466.338593	0.451 0.064 0.053
item_ammo_357_ttt	720.600647 450.667145 466.338593	0.451 0.064 0.053
item_ammo_357_ttt	2419.151611 -968.680542 103.102165	-2.368 -0.066 0.035
item_ammo_357_ttt	2417.108154 -958.750488 103.150902	-1.961 19.399 -0.961
item_ammo_pistol_ttt	85.000000 -799.000000 67.280098	0.000 0.000 0.000
item_ammo_pistol_ttt	85.000000 -767.000000 67.280098	0.000 0.000 0.000
item_ammo_pistol_ttt	85.000000 -737.000000 67.280098	0.000 0.000 0.000
item_ammo_pistol_ttt	85.000000 -641.000000 67.280098	0.000 0.000 0.000
item_ammo_pistol_ttt	85.000000 -671.000000 67.280098	0.000 0.000 0.000
item_ammo_pistol_ttt	85.000000 -703.000000 67.280098	0.000 0.000 0.000
item_ammo_pistol_ttt	-224.000000 1056.000000 72.000000	0.000 270.000 0.000
item_ammo_pistol_ttt	-256.000000 1056.000000 72.000000	0.000 270.000 0.000
item_ammo_pistol_ttt	-288.000000 1056.000000 72.000000	0.000 270.000 0.000
item_ammo_pistol_ttt	2543.669922 -966.077026 77.280098	0.000 0.000 0.000
item_ammo_pistol_ttt	2540.560059 -936.088013 77.280098	0.000 0.000 0.000
item_ammo_pistol_ttt	1100.530029 -467.425995 65.280098	0.000 0.000 0.000
item_ammo_pistol_ttt	1159.750000 -314.459991 201.279999	0.000 0.000 0.000
item_ammo_pistol_ttt	1164.250000 -344.109009 201.279999	0.000 0.000 0.000
weapon_zm_molotov	368.000000 -608.000000 136.000000	0.000 0.000 0.000
weapon_zm_molotov	368.000000 -648.000000 136.000000	0.000 0.000 0.000
weapon_zm_molotov	368.000000 -752.000000 136.000000	0.000 0.000 0.000
weapon_zm_molotov	368.000000 -712.000000 136.000000	0.000 0.000 0.000
weapon_ttt_confgrenade	368.000000 -600.000000 104.000000	0.000 0.000 0.000
weapon_ttt_confgrenade	368.000000 -624.000000 104.000000	0.000 0.000 0.000
weapon_ttt_confgrenade	368.000000 -648.000000 104.000000	0.000 0.000 0.000
weapon_ttt_confgrenade	368.000000 -752.000000 104.000000	0.000 0.000 0.000
weapon_ttt_confgrenade	368.000000 -728.000000 104.000000	0.000 0.000 0.000
weapon_ttt_confgrenade	368.000000 -704.000000 104.000000	0.000 0.000 0.000
weapon_ttt_confgrenade	368.000000 960.000000 240.000000	0.000 0.000 0.000
weapon_ttt_confgrenade	208.000000 1056.000000 240.000000	0.000 0.000 0.000
weapon_ttt_confgrenade	416.000000 1104.000000 240.000000	0.000 0.000 0.000
weapon_ttt_confgrenade	512.000000 1120.000000 240.000000	0.000 0.000 0.000
weapon_ttt_confgrenade	496.000000 800.000000 240.000000	0.000 0.000 0.000
weapon_ttt_confgrenade	624.000000 784.000000 240.000000	0.000 0.000 0.000
item_ammo_revolver_ttt	528.000000 -1008.000000 72.000000	0.000 0.000 0.000
item_ammo_revolver_ttt	488.000000 -1008.000000 72.000000	0.000 0.000 0.000
item_ammo_revolver_ttt	432.000000 -1008.000000 72.000000	0.000 0.000 0.000
item_ammo_revolver_ttt	384.000000 -1008.000000 72.000000	0.000 0.000 0.000
item_ammo_revolver_ttt	964.348999 554.544983 201.276001	0.000 0.000 0.000
item_ammo_revolver_ttt	967.749023 538.661011 201.276001	0.000 0.000 0.000
item_ammo_revolver_ttt	-240.000000 1088.000000 72.000000	0.000 270.000 0.000
item_ammo_revolver_ttt	-224.000000 1088.000000 72.000000	0.000 270.000 0.000
item_ammo_revolver_ttt	-256.000000 1088.000000 72.000000	0.000 270.000 0.000
item_ammo_revolver_ttt	1181.849976 -308.674011 201.276001	0.000 0.000 0.000
item_ammo_revolver_ttt	1185.040039 -341.429993 201.276001	0.000 0.000 0.000
item_ammo_revolver_ttt	-619.517029 34.518200 65.275803	0.000 0.000 0.000
item_ammo_revolver_ttt	-621.346008 66.880203 65.275803	0.000 0.000 0.000
item_ammo_revolver_ttt	1180.670044 -796.213989 65.275803	0.000 0.000 0.000
item_ammo_revolver_ttt	696.966980 -555.577026 65.275803	0.000 0.000 0.000
item_ammo_revolver_ttt	658.185974 -510.949005 65.275803	0.000 0.000 0.000
weapon_zm_shotgun	152.000000 -1140.000000 144.000000	0.000 0.000 0.000
weapon_zm_shotgun	151.000000 -1140.000000 167.000000	0.000 0.000 0.000
weapon_zm_shotgun	294.000000 1218.000000 68.000000	0.000 0.000 0.000
weapon_zm_shotgun	-1749.199951 83.656403 67.488602	0.000 0.000 0.000
weapon_zm_shotgun	-1231.130005 -970.151001 67.488602	0.000 0.000 0.000
weapon_zm_shotgun	2348.090088 -87.829399 79.488602	0.000 0.000 0.000
weapon_zm_shotgun	2347.360107 -65.616402 79.488602	0.000 0.000 0.000
weapon_zm_shotgun	1242.040039 159.214005 67.488602	0.000 0.000 0.000
weapon_zm_shotgun	-549.869995 231.727997 67.488602	0.000 0.000 0.000
weapon_zm_shotgun	13.866300 -986.208984 67.488602	0.000 0.000 0.000
weapon_zm_shotgun	57.821602 1384.229980 74.488602	0.000 0.000 0.000
weapon_zm_shotgun	1120.930054 -530.039978 203.488998	0.000 0.000 0.000
weapon_zm_shotgun	1121.099976 -554.814026 203.488998	0.000 0.000 0.000
weapon_zm_shotgun	1101.229980 -1087.270020 67.488602	0.000 0.000 0.000
weapon_zm_sledge	228.000000 -1137.000000 119.000000	0.000 0.000 -90.000
weapon_zm_sledge	-289.209015 220.737000 32.841099	0.000 0.000 0.000
weapon_zm_sledge	990.794983 336.148987 340.858002	0.000 0.000 0.000
weapon_zm_sledge	-476.339996 -971.614014 68.857803	0.000 0.000 0.000
weapon_zm_sledge	2339.530029 -116.167999 80.857803	0.000 0.000 0.000
weapon_zm_sledge	1236.310059 533.755005 68.857803	0.000 0.000 0.000
weapon_zm_sledge	1140.489990 -206.542999 204.858002	0.000 0.000 0.000
weapon_zm_sledge	1208.000000 -823.000000 69.000000	0.000 0.000 0.000
weapon_zm_sledge	1204.000000 -1104.000000 69.000000	0.000 0.000 0.000
weapon_zm_revolver	231.000000 -1141.000000 144.692001	0.000 0.000 0.000
weapon_zm_revolver	808.000000 -1136.000000 114.998001	0.000 0.000 -90.000
weapon_zm_revolver	3044.000000 272.000000 72.000000	0.000 0.000 0.000
weapon_zm_revolver	2291.790039 -145.820007 78.997902	0.000 0.000 0.000
weapon_zm_revolver	2290.620117 87.454697 78.997902	0.000 0.000 0.000
weapon_zm_revolver	-312.000000 -744.000000 66.000000	0.000 0.000 0.000
weapon_zm_revolver	-1816.000000 -120.000000 66.000000	0.000 0.000 0.000
weapon_zm_revolver	214.000000 262.000000 30.000000	0.000 0.000 0.000
weapon_zm_revolver	-876.517029 -359.127014 98.997902	0.000 0.000 0.000
weapon_zm_revolver	-686.073975 -1008.739990 66.997902	0.000 0.000 0.000
weapon_zm_revolver	995.755005 543.786011 202.998001	0.000 0.000 0.000
weapon_zm_revolver	2349.739990 53.279598 78.997902	0.000 0.000 0.000
weapon_zm_revolver	2353.949951 33.236301 78.997902	0.000 0.000 0.000
weapon_zm_revolver	1172.000000 536.460022 66.997902	0.000 0.000 0.000
weapon_zm_revolver	762.359009 -557.083008 202.998001	0.000 0.000 0.000
weapon_zm_revolver	809.708008 -558.971985 202.998001	0.000 0.000 0.000
weapon_zm_revolver	-610.437988 50.562099 66.997902	0.000 0.000 0.000
weapon_zm_revolver	1095.459961 -811.848022 66.997902	0.000 0.000 0.000
weapon_zm_revolver	714.853027 -534.614014 66.998001	0.000 0.000 0.000
weapon_zm_revolver	683.411987 -494.326996 66.998001	0.000 0.000 0.000
weapon_zm_pistol	808.000000 -848.000000 114.723000	0.000 0.000 -90.000
weapon_zm_pistol	808.000000 -944.000000 114.723000	0.000 0.000 -90.000
weapon_zm_pistol	808.000000 -1040.000000 114.723000	0.000 0.000 -90.000
weapon_zm_pistol	1248.000000 176.000000 208.000000	0.000 0.000 0.000
weapon_zm_pistol	1221.140015 106.336998 66.723198	0.000 0.000 0.000
weapon_zm_pistol	1232.329956 -114.916000 66.723198	0.000 0.000 0.000
weapon_zm_pistol	2795.020020 715.919983 79.874100	0.000 0.000 0.000
weapon_zm_pistol	2347.550049 76.079102 78.723198	0.000 0.000 0.000
weapon_zm_pistol	1602.189941 -446.113007 67.740303	0.000 0.000 0.000
weapon_zm_pistol	1599.439941 617.206970 67.799004	0.000 0.000 0.000
weapon_zm_pistol	1001.539978 1097.130005 338.722992	0.000 0.000 0.000
weapon_zm_pistol	1849.069946 -1019.419983 74.723198	0.000 0.000 0.000
weapon_zm_pistol	977.893982 -1016.450012 202.723007	0.000 0.000 0.000
weapon_zm_pistol	-646.512024 -426.257996 66.723198	0.000 0.000 0.000
weapon_zm_pistol	-807.655029 -219.393005 66.723198	0.000 0.000 0.000
weapon_zm_pistol	-1745.780029 118.039001 66.723198	0.000 0.000 0.000
