# Trouble in Terrorist Town weapon/ammo placement overrides
# For map: ttt_alps
# Exported by: Bestari
setting:	replacespawns 0
weapon_ttt_smokegrenade	-176.996704 -656.162109 -330.496399	36.586 79.182 95.826
weapon_ttt_smokegrenade	-158.568649 -565.293091 -350.516541	-6.168 -18.762 -96.062
weapon_ttt_smokegrenade	-200.884979 -643.201111 -331.985382	27.330 -14.460 74.856
weapon_ttt_smokegrenade	-194.425507 -523.614563 -355.352417	-2.482 -60.361 -97.531
weapon_ttt_smokegrenade	-190.353668 -606.838318 -341.504181	-32.640 -3.296 -101.028
weapon_ttt_smokegrenade	1853.312256 4159.162598 191.658035	19.461 81.597 89.774
weapon_ttt_smokegrenade	1858.619141 4171.031250 192.350510	15.630 114.793 -93.009
weapon_ttt_smokegrenade	1852.391357 4165.090820 192.165833	25.172 -15.317 95.538
weapon_ttt_smokegrenade	1858.382202 4164.963867 192.141556	8.619 -53.555 70.405
weapon_ttt_smokegrenade	1852.057129 4170.750488 192.231689	18.967 19.000 -85.335
weapon_ttt_smokegrenade	1861.608643 4171.217285 192.858124	23.896 -3.109 95.875
weapon_ttt_smokegrenade	1849.757324 4170.382324 194.225952	-65.790 21.075 67.284
weapon_ttt_smokegrenade	1856.958740 4179.256348 193.122879	-38.182 151.320 -79.998
weapon_ttt_smokegrenade	1862.249878 4172.249512 198.781494	9.620 -111.254 145.252
weapon_ttt_smokegrenade	1852.597900 4164.796387 194.419510	44.743 -35.082 -74.006
weapon_ttt_smokegrenade	1852.667236 4159.935059 195.722443	-17.288 -15.659 29.353
weapon_ttt_smokegrenade	1860.004028 4163.867188 195.215073	-40.250 -24.737 88.085
ttt_random_weapon	-1695.693970 1344.984497 151.708237	10.113 -53.110 -92.036
ttt_random_weapon	-2026.407715 -889.977295 123.198410	1.893 4.781 -92.556
ttt_random_weapon	-2016.921265 -905.811646 123.197647	1.902 4.782 -92.536
ttt_random_weapon	-728.855408 -274.470184 -258.303925	-10.155 3.524 -93.299
ttt_random_weapon	1332.798828 -340.208374 388.868347	1.772 4.708 -92.832
ttt_random_weapon	1478.136353 646.035095 137.954605	4.948 -18.786 -91.409
ttt_random_weapon	89.797096 4749.743164 223.472412	1.353 2.861 -93.793
ttt_random_weapon	96.308113 4828.216309 222.969849	7.862 -1.577 -4.774
ttt_random_weapon	-63.940228 4668.737793 193.400238	-23.222 4.480 -95.706
ttt_random_weapon	-60.994328 4600.019531 193.249176	1.183 -2.750 -94.438
ttt_random_weapon	-1071.350098 1113.231567 134.527588	3.376 6.293 -95.948
ttt_random_weapon	-1999.200073 -92.938988 295.773621	1.466 2.854 -93.534
ttt_random_weapon	-2045.403076 227.330780 290.922729	1.222 9.789 -93.809
ttt_random_weapon	-1631.105103 220.281296 295.754333	1.684 2.870 -93.034
ttt_random_weapon	-1516.786743 59.643288 257.244385	1.294 4.151 -93.837
ttt_random_weapon	-1938.881226 74.290489 163.817474	7.947 -0.928 -5.916
ttt_random_weapon	-1522.245483 221.862488 129.218842	1.663 4.765 -93.084
ttt_random_weapon	379.867462 -1242.316650 134.413437	-10.502 11.021 -104.024
ttt_random_weapon	636.773315 -1186.219482 165.878418	-4.380 2.133 -92.904
item_ammo_smg1_ttt	1441.096680 107.336609 198.040543	-4.619 1.688 2.408
item_ammo_smg1_ttt	1442.026367 126.601982 197.906052	-10.170 -1.228 -1.044
item_ammo_smg1_ttt	2641.751221 2257.916260 144.126770	-2.907 -0.196 1.104
item_ammo_smg1_ttt	2635.246826 2218.401611 143.150238	-3.456 -0.438 0.830
item_ammo_smg1_ttt	2676.838623 2294.661865 145.533142	-2.457 0.039 -0.127
item_ammo_smg1_ttt	2000.447510 -559.660034 158.155319	-9.342 -0.195 2.337
item_ammo_smg1_ttt	1966.757446 -543.907043 156.498276	-3.030 -0.211 2.351
item_ammo_smg1_ttt	2015.996338 -588.031799 159.575836	-3.897 0.103 4.595
item_ammo_smg1_ttt	1991.844482 -605.573059 155.391403	-5.553 -0.103 2.416
item_ammo_smg1_ttt	1940.387939 -540.696350 154.660110	-6.150 0.766 2.260
item_ammo_smg1_ttt	1944.701782 -581.440247 153.182495	-4.901 0.100 2.794
weapon_ttt_m16	1861.546143 -1048.625732 181.334351	-1.790 1.798 77.977
weapon_ttt_m16	1376.625610 124.102913 196.295273	1.225 4.425 83.080
weapon_ttt_m16	-1755.187256 4158.249023 278.982452	1.863 -9.567 84.414
weapon_ttt_m16	-2070.364014 2927.164795 264.830627	2.438 10.216 84.107
weapon_ttt_m16	-1727.921753 808.769287 108.123077	-4.988 -1.713 -82.948
weapon_ttt_m16	-1090.846069 973.343567 137.186005	1.426 -5.125 83.204
item_box_buckshot_ttt	-1157.899292 -1341.158569 149.434448	0.082 0.091 -0.053
item_box_buckshot_ttt	-1156.667603 -1380.651367 149.430740	-0.779 0.020 -0.569
item_box_buckshot_ttt	-1157.530762 -1361.951172 149.520721	-0.015 -0.052 0.010
item_box_buckshot_ttt	-841.648682 354.744507 -352.960510	-10.025 -0.011 6.849
item_box_buckshot_ttt	-830.784912 355.481628 -352.351990	-0.868 0.602 7.967
item_box_buckshot_ttt	-2039.216919 -125.051125 -348.933807	-2.441 -0.255 -2.686
item_box_buckshot_ttt	-2027.632080 -125.460701 -348.421356	-2.529 -0.166 -2.804
item_box_buckshot_ttt	1924.465942 4105.555176 150.206573	1.457 0.090 8.956
item_box_buckshot_ttt	1933.857910 4105.433594 149.919525	1.758 -1.560 8.920
item_box_buckshot_ttt	420.911102 4657.212402 132.969040	7.399 0.141 1.021
item_box_buckshot_ttt	429.238770 4659.395508 131.943253	7.402 0.141 1.022
item_box_buckshot_ttt	84.252792 4670.391602 222.733459	-0.044 0.011 0.036
item_box_buckshot_ttt	94.886658 4670.244141 222.727310	-0.091 0.001 0.077
item_box_buckshot_ttt	-2158.432129 -175.838898 128.417297	0.052 0.083 0.040
item_box_buckshot_ttt	-2147.354980 -177.411758 128.371719	0.766 -0.119 -0.531
ttt_random_ammo	-2001.439331 -919.393433 122.432556	1.251 -0.031 -1.509
ttt_random_ammo	-2014.035156 -921.293396 122.436661	1.115 -0.028 -1.338
ttt_random_ammo	-2015.170898 -878.021790 122.374481	0.119 0.000 0.083
ttt_random_ammo	-2027.602661 -879.683228 122.351189	0.052 0.000 -0.011
ttt_random_ammo	-746.949097 -269.628418 -262.867157	-11.009 5.965 0.478
ttt_random_ammo	-737.528748 -264.953613 -257.677948	-79.004 -178.471 173.929
ttt_random_ammo	-724.322876 -263.725555 -258.333618	6.102 -0.374 -7.621
ttt_random_ammo	1344.090942 -346.804321 388.041809	0.191 0.001 0.173
ttt_random_ammo	1334.752319 -350.042908 388.082947	1.546 0.037 1.870
ttt_random_ammo	1482.593262 669.935608 142.211639	5.460 8.046 102.222
ttt_random_ammo	1491.836426 661.105713 137.316879	6.433 0.136 0.821
ttt_random_ammo	83.642387 4762.107910 222.715164	0.124 0.018 0.149
ttt_random_ammo	97.653397 4765.457520 222.713257	0.163 0.018 0.195
ttt_random_ammo	85.130394 4840.437012 222.684891	1.370 0.003 0.995
ttt_random_ammo	94.430786 4840.687500 222.626663	0.791 0.008 0.914
ttt_random_ammo	-46.452164 4657.841309 192.431091	-0.581 -0.235 -0.311
ttt_random_ammo	-55.938667 4659.108887 192.317459	0.047 0.000 -0.035
ttt_random_ammo	-52.934101 4589.544922 192.351212	0.053 0.000 -0.011
ttt_random_ammo	-59.467937 4591.543457 192.346848	0.050 -0.000 0.017
ttt_random_ammo	-1073.682373 1092.975586 134.751556	1.363 -0.437 -4.072
ttt_random_ammo	-1085.342285 1095.376465 134.888321	1.593 0.423 -3.013
ttt_random_ammo	-2000.917358 -107.478333 295.000397	0.850 0.026 1.030
ttt_random_ammo	-2012.821045 -107.559540 294.986847	1.180 0.032 1.428
ttt_random_ammo	-1903.760254 237.109558 290.135040	0.117 -2.237 -0.060
ttt_random_ammo	-1911.206909 240.239685 290.100006	1.055 1.521 -0.051
ttt_random_ammo	-1604.909668 234.792984 294.940735	0.373 0.002 0.406
ttt_random_ammo	-1594.308228 227.210358 294.885651	0.041 0.000 -0.027
ttt_random_ammo	-1502.265869 67.803741 258.752380	-0.153 69.666 89.987
ttt_random_ammo	-1496.103271 40.212650 259.623596	-88.818 -176.459 93.165
ttt_random_ammo	-1953.840942 92.433136 163.453979	0.045 -0.000 0.024
ttt_random_ammo	-1940.944946 98.114288 163.444885	0.045 -0.000 0.029
ttt_random_ammo	-1501.333008 233.501389 128.376373	-0.121 -0.000 0.085
ttt_random_ammo	-1501.460815 220.751068 128.408951	1.677 0.033 2.014
ttt_random_ammo	390.180328 -1252.846436 139.882721	-9.154 -6.519 -97.273
ttt_random_ammo	375.112366 -1252.546631 137.391418	-73.129 146.971 -165.385
ttt_random_ammo	628.989746 -1213.933228 163.917130	-5.747 0.650 -0.342
ttt_random_ammo	641.409363 -1213.852661 164.934082	-4.895 -0.740 1.145
weapon_zm_rifle	-1340.364990 -1837.882568 38.317657	7.630 8.685 95.929
weapon_zm_rifle	997.646912 444.151978 159.278992	3.272 59.267 66.177
weapon_zm_rifle	-71.113724 3738.228760 24.404142	18.773 -6.925 -91.653
weapon_zm_rifle	-2148.959717 107.974640 257.126556	0.288 34.026 -88.627
weapon_zm_mac10	1447.333374 115.636070 198.037079	-1.553 -54.650 -87.845
weapon_zm_mac10	2663.987305 2263.944824 145.856537	-2.117 -35.844 -86.869
weapon_zm_mac10	2660.087646 2239.614746 145.153290	-2.985 35.779 86.821
weapon_zm_mac10	1989.663940 -572.402344 156.812485	-6.394 30.788 87.172
weapon_zm_mac10	1957.832153 -564.237183 155.315460	-4.822 44.930 86.568
item_ammo_357_ttt	-1157.268188 -1244.578979 149.378448	0.431 -0.070 -0.052
item_ammo_357_ttt	-1157.419312 -1275.954834 149.391449	0.435 -0.061 -0.047
item_ammo_357_ttt	-1307.911011 -1827.384766 28.784893	0.093 -0.002 -2.424
item_ammo_357_ttt	-1335.543823 -1822.192017 33.930828	13.190 2.474 -1.122
item_ammo_357_ttt	996.867920 445.789886 160.452713	0.578 -0.185 0.045
item_ammo_357_ttt	-76.963020 3754.599365 25.434431	19.764 -4.629 -2.049
item_ammo_357_ttt	-2160.419434 134.288910 256.312469	0.447 0.075 0.062
item_ammo_357_ttt	-2150.392334 143.128448 256.307617	0.446 0.081 0.064
item_ammo_pistol_ttt	-1366.954834 -1207.214722 108.995880	2.040 -0.200 1.588
item_ammo_pistol_ttt	-1171.245850 -1338.649170 102.736412	-1.091 0.932 -3.356
item_ammo_pistol_ttt	1290.328735 -873.130310 146.630005	4.538 0.378 0.492
item_ammo_pistol_ttt	1845.861328 -1036.555908 178.544144	-4.875 0.009 -5.866
item_ammo_pistol_ttt	1858.108154 -1035.026978 179.281250	-4.984 0.019 -5.867
item_ammo_pistol_ttt	1363.183594 136.213577 195.498489	-0.720 -2.595 -0.753
item_ammo_pistol_ttt	1377.463135 134.893585 198.540344	-88.820 143.238 -145.727
item_ammo_pistol_ttt	2652.158447 1689.197754 155.084320	-3.490 1.148 -2.955
item_ammo_pistol_ttt	2651.714111 1670.984375 158.747742	-85.625 139.115 -143.156
item_ammo_pistol_ttt	2601.375732 1694.255127 151.604385	-5.554 0.767 -4.702
item_ammo_pistol_ttt	2590.031250 1681.617920 151.607513	-6.126 -0.750 -4.657
item_ammo_pistol_ttt	264.698212 4909.744629 192.462006	0.740 5.192 0.001
item_ammo_pistol_ttt	340.907867 4433.214355 192.432602	-0.409 0.471 -0.563
item_ammo_pistol_ttt	334.066376 4433.887695 192.436829	0.456 2.377 0.038
item_ammo_pistol_ttt	-1766.755249 4169.609863 278.612122	-1.582 0.027 0.528
item_ammo_pistol_ttt	-1756.853882 4170.306641 278.672089	-0.731 0.106 0.536
item_ammo_pistol_ttt	-2079.621338 2900.395508 264.352112	-0.128 -0.019 -0.039
item_ammo_pistol_ttt	-2090.737549 2901.905518 264.383575	-0.101 -0.020 -0.030
item_ammo_pistol_ttt	-2007.054321 2933.946289 264.372650	-0.110 -0.019 -0.033
item_ammo_pistol_ttt	-2020.605347 2947.733398 265.596222	-57.317 91.331 -110.914
item_ammo_pistol_ttt	-2048.969482 2952.638916 267.837036	-6.463 132.609 178.760
item_ammo_pistol_ttt	-1681.683472 1351.447754 150.529251	4.596 -0.226 6.448
item_ammo_pistol_ttt	-1723.367676 830.884033 108.670929	-7.286 -2.256 1.590
item_ammo_pistol_ttt	-1709.574341 828.778625 113.204231	-81.523 -175.386 173.069
item_ammo_pistol_ttt	-1083.277100 988.739441 136.567047	-0.794 -0.154 -0.743
item_ammo_pistol_ttt	-1097.768555 988.489868 136.414001	-1.004 0.139 -0.739
item_ammo_pistol_ttt	-808.785034 -305.509216 174.699493	1.999 0.237 0.002
item_ammo_pistol_ttt	-808.148254 -328.551117 174.702560	1.980 0.274 0.017
item_ammo_pistol_ttt	-859.260010 -337.393951 176.401276	2.155 0.275 0.026
item_ammo_pistol_ttt	-857.316772 -301.261658 176.316650	2.178 0.284 0.028
item_ammo_pistol_ttt	-887.054321 -336.699524 177.331268	2.210 0.302 0.032
item_ammo_pistol_ttt	-888.032471 -306.483582 177.425110	2.130 0.269 0.023
weapon_zm_molotov	-1329.009766 -1200.002319 130.069763	-0.991 -1.578 -1.514
weapon_zm_molotov	-1316.602295 -1199.778687 130.097717	-0.713 -1.695 -1.087
weapon_zm_molotov	-1300.186768 -1199.740234 130.083618	-0.853 -1.651 -1.302
weapon_zm_molotov	1885.518311 4150.554199 191.429947	22.908 10.321 95.383
weapon_zm_molotov	1890.249756 4157.687500 192.115768	24.581 -6.399 95.788
weapon_zm_molotov	1890.243652 4142.185547 190.884140	5.900 157.748 79.646
weapon_zm_molotov	1891.477417 4159.230957 192.248764	-68.479 50.690 -83.654
weapon_zm_molotov	1884.168823 4160.876953 192.159470	-56.423 175.162 -96.847
weapon_zm_molotov	1883.384766 4142.358398 193.283234	40.948 -69.925 -76.685
weapon_zm_molotov	1893.150024 4161.955566 193.687958	43.565 31.333 111.371
weapon_zm_molotov	1884.032104 4145.861816 191.615540	-48.506 -12.977 22.093
weapon_zm_molotov	1888.062988 4149.179688 192.930588	0.053 55.223 45.969
weapon_zm_molotov	1778.951904 4660.553711 204.159454	-2.578 -1.238 -1.410
weapon_zm_molotov	1753.939575 4626.195313 204.173645	-2.057 -1.402 -1.125
weapon_zm_molotov	1748.627808 4654.559570 204.152817	-2.822 -1.186 -1.544
weapon_zm_molotov	1774.183838 4627.143066 204.179260	-1.852 -1.448 -1.012
weapon_ttt_confgrenade	1397.528320 127.812904 195.945847	-4.268 -2.127 1.246
weapon_ttt_confgrenade	1493.534058 139.881195 197.440643	-4.913 -2.121 1.642
weapon_ttt_confgrenade	1424.200439 145.358627 196.144577	-5.347 -2.092 1.909
weapon_ttt_confgrenade	953.171570 4106.417480 8.507326	-46.733 73.402 92.871
weapon_ttt_confgrenade	957.188660 4091.753662 9.571038	42.795 -18.837 -102.351
weapon_ttt_confgrenade	961.044189 4085.389160 9.704323	39.481 -136.866 98.460
weapon_ttt_confgrenade	952.707581 4090.669434 7.472069	16.752 -68.233 -34.671
weapon_ttt_confgrenade	954.450806 4098.853027 7.579213	-0.637 13.790 -63.647
weapon_ttt_confgrenade	961.156006 4104.709961 8.585932	-36.590 -171.657 -89.710
weapon_ttt_confgrenade	954.781738 4097.784668 7.485739	-57.019 68.843 2.386
weapon_ttt_confgrenade	963.205505 4088.529785 9.318882	-83.785 121.788 166.088
item_ammo_revolver_ttt	-2287.347412 -884.319519 0.314755	0.447 0.072 0.062
item_ammo_revolver_ttt	-2281.079834 -886.569946 0.415435	1.585 0.758 -0.012
item_ammo_revolver_ttt	-215.909836 220.617599 -315.315887	-3.689 -3.689 29.703
item_ammo_revolver_ttt	1386.351807 4509.802734 148.634598	-5.877 -0.372 7.530
item_ammo_revolver_ttt	-898.720703 467.829285 146.491364	0.626 -0.232 7.643
weapon_zm_shotgun	-834.935120 349.481720 -352.946381	-2.375 2.074 94.633
weapon_zm_shotgun	-2037.007202 -117.800476 -348.202881	-4.807 -7.119 -90.660
weapon_zm_shotgun	1929.204346 4102.420410 150.715912	-3.732 12.759 102.276
weapon_zm_shotgun	426.533386 4650.668457 132.142380	6.741 7.841 84.353
weapon_zm_shotgun	90.938110 4692.881348 223.330261	-0.450 -8.110 -84.204
weapon_zm_shotgun	-2153.488281 -172.104630 129.379410	-0.841 -8.948 -87.343
weapon_zm_sledge	629.855835 -32.910072 -83.590538	2.661 20.587 91.160
weapon_zm_sledge	-902.974487 -1229.136108 99.236137	25.717 -2.659 0.366
weapon_zm_sledge	-931.033508 -1210.634521 107.248795	5.944 11.173 90.514
weapon_zm_sledge	-950.976257 -1178.679443 104.186554	22.581 -3.244 2.350
weapon_zm_revolver	-2291.017334 -898.751343 0.922880	2.219 -22.357 -84.889
weapon_zm_revolver	-224.329742 207.520096 -316.744659	-1.286 -25.077 -85.335
weapon_zm_revolver	1391.800537 4530.996094 152.762650	-7.021 29.299 87.883
weapon_zm_revolver	-902.612549 455.197449 145.592331	-1.619 24.153 93.356
weapon_ttt_glock	-1382.937012 -1204.798706 110.217239	0.198 29.340 92.784
weapon_ttt_glock	1289.946045 -882.308777 147.248016	3.051 31.659 94.370
weapon_ttt_glock	252.870041 4907.468262 193.091278	-0.275 27.587 90.295
weapon_ttt_glock	322.381836 4441.361816 193.073120	0.271 16.888 91.107
weapon_ttt_glock	319.851105 4429.219238 192.526047	23.979 15.762 45.356
weapon_ttt_glock	-819.825562 -303.018402 174.643723	10.025 8.487 18.029
weapon_ttt_glock	-820.446838 -327.409760 175.772125	1.817 31.217 91.977
weapon_zm_pistol	2631.314941 1674.609375 154.918365	-4.119 -31.384 -88.147
weapon_zm_pistol	2609.024414 1685.108521 153.211426	-3.733 -33.471 -87.495
weapon_zm_pistol	-2047.970093 2927.895508 293.730408	0.373 -36.239 -88.450
weapon_zm_pistol	-2012.716675 2928.629150 293.731415	1.096 -37.206 -88.770
weapon_zm_pistol	-848.658508 -304.418854 176.467560	2.183 -38.723 -89.329
weapon_zm_pistol	-847.461304 -332.040039 176.469025	2.021 -38.730 -89.778
weapon_zm_pistol	-879.962524 -303.754486 177.581833	2.104 -38.727 -89.548
weapon_zm_pistol	-876.892944 -333.064087 177.483139	2.072 -38.729 -89.636
